0 0.46640625 0.7281999999999978 0.034375 0.044
0 0.4 0.3587999999999995 0.01875 0.024
0 0.36015625 0.4482000000000008 0.028125 0.036
0 0.71015625 0.38219999999999954 0.040625 0.052
0 0.683984375 0.2781000000000001 0.0421875 0.054
0 0.294921875 0.0161 0.0359375 0.046
1 0.49531249999999866 0.6809800000000037 0.1140625 0.052559999999999996
1 0.5237499999999989 0.8220400000000057 0.146875 0.06767999999999999
1 0.4703125 0.78896 0.134375 0.061919999999999996
1 0.047031250000000004 0.5235200000000001 0.0734375 0.033839999999999995
1 0.11015625 0.55244 0.2015625 0.09287999999999999
