0 0.72265625 0.707 0.015625 0.02
0 0.7796875 0.9383999999999969 0.0375 0.048
0 0.7578125 0.9100000000000024 0.04375 0.056
0 0.501953125 0.40690000000000087 0.0203125 0.026
0 0.84375 0.518 0.03125 0.04
0 0.51171875 0.465 0.046875 0.06
0 0.53125 0.03239999999999999 0.01875 0.024
1 0.5059374999999986 0.09278000000000237 0.1140625 0.052559999999999996
1 0.4234375 0.46296 0.134375 0.061919999999999996
1 0.09171874999999999 0.13631999999999567 0.0734375 0.033839999999999995
1 0.11375000000000002 0.2992600000000028 0.1265625 0.05832
1 0.168125 0.25887999999999667 0.10625 0.048960000000000004
1 0.7234375 0.29896 0.134375 0.061919999999999996
1 0.4410937499999994 0.09769999999999789 0.140625 0.0648
