0 0.71953125 0.711 0.015625 0.02
0 0.7828125 0.9479999999999968 0.0375 0.048
0 0.7546875 0.9212000000000025 0.04375 0.056
0 0.501953125 0.4121000000000009 0.0203125 0.026
0 0.846875 0.526 0.03125 0.04
0 0.51484375 0.477 0.046875 0.06
0 0.528125 0.03719999999999999 0.01875 0.024
1 0.5112499999999985 0.08938000000000237 0.1140625 0.052559999999999996
1 0.4296875 0.45896 0.134375 0.061919999999999996
1 0.08828124999999999 0.1341199999999957 0.0734375 0.033839999999999995
1 0.10781250000000005 0.29546000000000283 0.1265625 0.05832
1 0.17312499999999997 0.25567999999999663 0.10625 0.048960000000000004
1 0.7296875 0.30296 0.134375 0.061919999999999996
1 0.4476562499999993 0.09349999999999786 0.140625 0.0648
