0 0.46328125 0.7369999999999979 0.034375 0.044
0 0.403125 0.3635999999999995 0.01875 0.024
0 0.36328125 0.45540000000000086 0.028125 0.036
0 0.71328125 0.3925999999999995 0.040625 0.052
0 0.687109375 0.2889000000000001 0.0421875 0.054
0 0.298046875 0.0253 0.0359375 0.046
1 0.5006249999999987 0.6775800000000035 0.1140625 0.052559999999999996
1 0.5306249999999989 0.8264400000000057 0.146875 0.06767999999999999
1 0.4765625 0.79296 0.134375 0.061919999999999996
1 0.05046874999999999 0.5257200000000002 0.0734375 0.033839999999999995
1 0.11953125 0.55844 0.2015625 0.09287999999999999
