0 0.46015625 0.7457999999999978 0.034375 0.044
0 0.40625 0.3683999999999994 0.01875 0.024
0 0.36640625 0.46260000000000095 0.028125 0.036
0 0.71640625 0.40299999999999947 0.040625 0.052
0 0.690234375 0.2997 0.0421875 0.054
0 0.301171875 0.0345 0.0359375 0.046
0 0.19140625 0.012600000000000002 0.021875 0.028
1 0.5059374999999986 0.6741800000000034 0.1140625 0.052559999999999996
1 0.5374999999999989 0.8308400000000058 0.146875 0.06767999999999999
1 0.4828125 0.79696 0.134375 0.061919999999999996
1 0.05390625 0.5279200000000002 0.0734375 0.033839999999999995
1 0.12890625 0.56444 0.2015625 0.09287999999999999
