0 0.46328125 0.7545999999999977 0.034375 0.044
0 0.409375 0.37319999999999937 0.01875 0.024
0 0.36953125 0.469800000000001 0.028125 0.036
0 0.71953125 0.4133999999999995 0.040625 0.052
0 0.693359375 0.3105 0.0421875 0.054
0 0.304296875 0.0437 0.0359375 0.046
0 0.19453125 0.018200000000000004 0.021875 0.028
1 0.5112499999999985 0.6707800000000034 0.1140625 0.052559999999999996
1 0.5443749999999988 0.8352400000000059 0.146875 0.06767999999999999
1 0.4890625 0.80096 0.134375 0.061919999999999996
1 0.05734374999999999 0.5301200000000003 0.0734375 0.033839999999999995
1 0.13828125 0.5704400000000001 0.2015625 0.09287999999999999
