0 0.46640625 0.7633999999999977 0.034375 0.044
0 0.4125 0.37799999999999934 0.01875 0.024
0 0.37265625 0.47700000000000103 0.028125 0.036
0 0.72265625 0.42379999999999945 0.040625 0.052
0 0.696484375 0.3213 0.0421875 0.054
0 0.307421875 0.0529 0.0359375 0.046
0 0.19765625 0.0238 0.021875 0.028
1 0.5165624999999985 0.6673800000000033 0.1140625 0.052559999999999996
1 0.5512499999999988 0.839640000000006 0.146875 0.06767999999999999
1 0.4953125 0.80496 0.134375 0.061919999999999996
1 0.060781249999999995 0.5323200000000002 0.0734375 0.033839999999999995
1 0.14765625 0.5764400000000001 0.2015625 0.09287999999999999
