0 0.46953125 0.7721999999999977 0.034375 0.044
0 0.409375 0.38279999999999925 0.01875 0.024
0 0.37265625 0.4842000000000011 0.028125 0.036
0 0.72578125 0.4341999999999994 0.040625 0.052
0 0.699609375 0.3320999999999999 0.0421875 0.054
0 0.310546875 0.06210000000000001 0.0359375 0.046
0 0.20078125 0.029400000000000003 0.021875 0.028
1 0.5218749999999985 0.6639800000000032 0.1140625 0.052559999999999996
1 0.5581249999999988 0.8440400000000061 0.146875 0.06767999999999999
1 0.5015625 0.80896 0.134375 0.061919999999999996
1 0.06421874999999999 0.5345200000000003 0.0734375 0.033839999999999995
1 0.15703125 0.5824400000000001 0.2015625 0.09287999999999999
