0 0.47265625 0.7809999999999976 0.034375 0.044
0 0.40625 0.3875999999999992 0.01875 0.024
0 0.36953125 0.4914000000000011 0.028125 0.036
0 0.72890625 0.4445999999999994 0.040625 0.052
0 0.696484375 0.34289999999999987 0.0421875 0.054
0 0.307421875 0.07130000000000002 0.0359375 0.046
0 0.20390625 0.035 0.021875 0.028
1 0.5271874999999985 0.6605800000000032 0.1140625 0.052559999999999996
1 0.5649999999999987 0.8440400000000061 0.146875 0.06767999999999999
1 0.5078125 0.81296 0.134375 0.061919999999999996
1 0.06765625 0.5367200000000004 0.0734375 0.033839999999999995
1 0.16640625 0.5884400000000001 0.2015625 0.09287999999999999
