0 0.47578125 0.7897999999999976 0.034375 0.044
0 0.403125 0.3923999999999992 0.01875 0.024
0 0.36640625 0.49860000000000115 0.028125 0.036
0 0.72578125 0.45499999999999935 0.040625 0.052
0 0.693359375 0.3536999999999998 0.0421875 0.054
0 0.304296875 0.0805 0.0359375 0.046
0 0.20390625 0.040600000000000004 0.021875 0.028
1 0.5324999999999984 0.657180000000003 0.1140625 0.052559999999999996
1 0.5718749999999987 0.839640000000006 0.146875 0.06767999999999999
1 0.5140625 0.81696 0.134375 0.061919999999999996
1 0.07109375 0.5389200000000004 0.0734375 0.033839999999999995
1 0.17578125 0.5944400000000001 0.2015625 0.09287999999999999
