0 0.47890625 0.7985999999999975 0.034375 0.044
0 0.4 0.3971999999999991 0.01875 0.024
0 0.36328125 0.5058000000000012 0.028125 0.036
0 0.72265625 0.46539999999999937 0.040625 0.052
0 0.690234375 0.36449999999999977 0.0421875 0.054
0 0.301171875 0.08969999999999999 0.0359375 0.046
0 0.20078125 0.0462 0.021875 0.028
1 0.5378124999999984 0.6537800000000029 0.1140625 0.052559999999999996
1 0.5787499999999987 0.8352400000000059 0.146875 0.06767999999999999
1 0.5203125 0.82096 0.134375 0.061919999999999996
1 0.07453125000000001 0.5411200000000005 0.0734375 0.033839999999999995
1 0.18515625 0.6004400000000001 0.2015625 0.09287999999999999
