0 0.47578125 0.8073999999999975 0.034375 0.044
0 0.396875 0.4019999999999991 0.01875 0.024
0 0.36015625 0.5130000000000012 0.028125 0.036
0 0.71953125 0.47579999999999933 0.040625 0.052
0 0.687109375 0.37529999999999974 0.0421875 0.054
0 0.298046875 0.09889999999999997 0.0359375 0.046
0 0.19765625 0.05179999999999999 0.021875 0.028
1 0.5431249999999983 0.6503800000000028 0.1140625 0.052559999999999996
1 0.5856249999999986 0.8308400000000058 0.146875 0.06767999999999999
1 0.5265625 0.82496 0.134375 0.061919999999999996
1 0.07796875 0.5433200000000005 0.0734375 0.033839999999999995
1 0.19453125 0.6064400000000001 0.2015625 0.09287999999999999
