0 0.47265625 0.8161999999999975 0.034375 0.044
0 0.39375 0.40679999999999905 0.01875 0.024
0 0.35703125 0.5202000000000013 0.028125 0.036
0 0.71640625 0.4861999999999993 0.040625 0.052
0 0.683984375 0.38609999999999967 0.0421875 0.054
0 0.294921875 0.10809999999999996 0.0359375 0.046
0 0.19453125 0.057399999999999986 0.021875 0.028
1 0.5484374999999984 0.6469800000000028 0.1140625 0.052559999999999996
1 0.5924999999999986 0.8264400000000057 0.146875 0.06767999999999999
1 0.5328125 0.82896 0.134375 0.061919999999999996
1 0.08140625000000001 0.5455200000000006 0.0734375 0.033839999999999995
1 0.20390625 0.6124400000000001 0.2015625 0.09287999999999999
