0 0.46953125 0.8249999999999974 0.034375 0.044
0 0.396875 0.411599999999999 0.01875 0.024
0 0.35703125 0.5274000000000013 0.028125 0.036
0 0.71328125 0.49659999999999926 0.040625 0.052
0 0.680859375 0.39689999999999964 0.0421875 0.054
0 0.291796875 0.11729999999999996 0.0359375 0.046
0 0.19140625 0.06299999999999997 0.021875 0.028
1 0.5537499999999983 0.6435800000000027 0.1140625 0.052559999999999996
1 0.5993749999999985 0.8220400000000057 0.146875 0.06767999999999999
1 0.5390625 0.83296 0.134375 0.061919999999999996
1 0.08484375000000002 0.5477200000000007 0.0734375 0.033839999999999995
1 0.21328125 0.6184400000000001 0.2015625 0.09287999999999999
