0 0.46640625 0.8337999999999973 0.034375 0.044
0 0.4 0.41639999999999894 0.01875 0.024
0 0.36015625 0.5346000000000014 0.028125 0.036
0 0.71015625 0.5069999999999992 0.040625 0.052
0 0.683984375 0.4076999999999996 0.0421875 0.054
0 0.294921875 0.12649999999999995 0.0359375 0.046
0 0.18828125 0.06859999999999997 0.021875 0.028
1 0.5590624999999982 0.6401800000000025 0.1140625 0.052559999999999996
1 0.6062499999999985 0.8176400000000056 0.146875 0.06767999999999999
1 0.5453125 0.83696 0.134375 0.061919999999999996
1 0.08828125000000002 0.5499200000000006 0.0734375 0.033839999999999995
1 0.22265625 0.6244400000000001 0.2015625 0.09287999999999999
