0 0.46328125 0.8425999999999972 0.034375 0.044
0 0.403125 0.4211999999999989 0.01875 0.024
0 0.36328125 0.5418000000000014 0.028125 0.036
0 0.71328125 0.5173999999999992 0.040625 0.052
0 0.687109375 0.41849999999999954 0.0421875 0.054
0 0.298046875 0.13569999999999993 0.0359375 0.046
0 0.18828125 0.07419999999999997 0.021875 0.028
1 0.5643749999999982 0.6367800000000025 0.1140625 0.052559999999999996
1 0.6131249999999985 0.8132400000000055 0.146875 0.06767999999999999
1 0.5515625 0.84096 0.134375 0.061919999999999996
1 0.09171875000000003 0.5521200000000007 0.0734375 0.033839999999999995
1 0.23203125 0.6184400000000001 0.2015625 0.09287999999999999
