0 0.46015625 0.8513999999999973 0.034375 0.044
0 0.40625 0.4259999999999989 0.01875 0.024
0 0.36640625 0.5490000000000015 0.028125 0.036
0 0.71640625 0.5277999999999993 0.040625 0.052
0 0.690234375 0.4292999999999995 0.0421875 0.054
0 0.301171875 0.14489999999999992 0.0359375 0.046
0 0.19140625 0.07979999999999997 0.021875 0.028
1 0.5696874999999981 0.6333800000000024 0.1140625 0.052559999999999996
1 0.6199999999999984 0.8088400000000053 0.146875 0.06767999999999999
1 0.5578125 0.84496 0.134375 0.061919999999999996
1 0.09515625000000003 0.5543200000000007 0.0734375 0.033839999999999995
1 0.24140625 0.6124400000000001 0.2015625 0.09287999999999999
