0 0.46328125 0.8601999999999972 0.034375 0.044
0 0.409375 0.4307999999999988 0.01875 0.024
0 0.36953125 0.5562000000000015 0.028125 0.036
0 0.71953125 0.5381999999999993 0.040625 0.052
0 0.693359375 0.44009999999999944 0.0421875 0.054
0 0.304296875 0.1540999999999999 0.0359375 0.046
0 0.19453125 0.08539999999999996 0.021875 0.028
0 0.31953125 0.027 0.046875 0.06
1 0.5749999999999982 0.6299800000000023 0.1140625 0.052559999999999996
1 0.6268749999999984 0.8044400000000053 0.146875 0.06767999999999999
1 0.5640625 0.84896 0.134375 0.061919999999999996
1 0.09859375000000004 0.5565200000000008 0.0734375 0.033839999999999995
1 0.25078125 0.6064400000000001 0.2015625 0.09287999999999999
