0 0.46640625 0.8689999999999971 0.034375 0.044
0 0.4125 0.43559999999999877 0.01875 0.024
0 0.37265625 0.5634000000000016 0.028125 0.036
0 0.72265625 0.5485999999999994 0.040625 0.052
0 0.696484375 0.4508999999999994 0.0421875 0.054
0 0.307421875 0.1632999999999999 0.0359375 0.046
0 0.19765625 0.09099999999999996 0.021875 0.028
0 0.32265625 0.039 0.046875 0.06
0 0.277734375 0.0105 0.0234375 0.03
1 0.5803124999999981 0.6265800000000022 0.1140625 0.052559999999999996
1 0.6337499999999984 0.8000400000000052 0.146875 0.06767999999999999
1 0.5703125 0.85296 0.134375 0.061919999999999996
1 0.10203125000000005 0.5587200000000008 0.0734375 0.033839999999999995
1 0.26015625 0.6004400000000001 0.2015625 0.09287999999999999
