0 0.46953125 0.8777999999999971 0.034375 0.044
0 0.409375 0.44039999999999874 0.01875 0.024
0 0.72578125 0.5589999999999995 0.040625 0.052
0 0.699609375 0.4616999999999994 0.0421875 0.054
0 0.310546875 0.17249999999999988 0.0359375 0.046
0 0.20078125 0.09659999999999995 0.021875 0.028
0 0.32578125 0.051 0.046875 0.06
0 0.280859375 0.0165 0.0234375 0.03
1 0.5856249999999981 0.6231800000000021 0.1140625 0.052559999999999996
1 0.6406249999999983 0.7956400000000051 0.146875 0.06767999999999999
1 0.5765625 0.85696 0.134375 0.061919999999999996
1 0.10546875000000004 0.5609200000000009 0.0734375 0.033839999999999995
1 0.26953125 0.5944400000000001 0.2015625 0.09287999999999999
