0 0.47265625 0.8865999999999971 0.034375 0.044
0 0.40625 0.4451999999999987 0.01875 0.024
0 0.72890625 0.5693999999999997 0.040625 0.052
0 0.696484375 0.4724999999999993 0.0421875 0.054
0 0.307421875 0.18169999999999986 0.0359375 0.046
0 0.20390625 0.10219999999999994 0.021875 0.028
0 0.32890625 0.063 0.046875 0.06
0 0.283984375 0.0225 0.0234375 0.03
1 0.590937499999998 0.619780000000002 0.1140625 0.052559999999999996
1 0.6474999999999983 0.791240000000005 0.146875 0.06767999999999999
1 0.5828125 0.8609600000000001 0.134375 0.061919999999999996
1 0.10890625000000005 0.563120000000001 0.0734375 0.033839999999999995
1 0.27890625 0.5884400000000001 0.2015625 0.09287999999999999
