0 0.47578125 0.895399999999997 0.034375 0.044
0 0.403125 0.4499999999999986 0.01875 0.024
0 0.72578125 0.5797999999999998 0.040625 0.052
0 0.693359375 0.4832999999999993 0.0421875 0.054
0 0.304296875 0.19089999999999988 0.0359375 0.046
0 0.20390625 0.10779999999999994 0.021875 0.028
0 0.33203125 0.075 0.046875 0.06
0 0.287109375 0.0285 0.0234375 0.03
1 0.596249999999998 0.6163800000000019 0.1140625 0.052559999999999996
1 0.6543749999999983 0.7868400000000049 0.146875 0.06767999999999999
1 0.5890625 0.85696 0.134375 0.061919999999999996
1 0.11234375000000005 0.5653200000000009 0.0734375 0.033839999999999995
1 0.28828125 0.5824400000000001 0.2015625 0.09287999999999999
