0 0.47890625 0.904199999999997 0.034375 0.044
0 0.4 0.4547999999999986 0.01875 0.024
0 0.72265625 0.5901999999999998 0.040625 0.052
0 0.690234375 0.4940999999999992 0.0421875 0.054
0 0.301171875 0.20009999999999986 0.0359375 0.046
0 0.20078125 0.11339999999999993 0.021875 0.028
0 0.33203125 0.087 0.046875 0.06
0 0.290234375 0.0345 0.0234375 0.03
1 0.601562499999998 0.6129800000000019 0.1140625 0.052559999999999996
1 0.6612499999999982 0.7824400000000048 0.146875 0.06767999999999999
1 0.5953125 0.85296 0.134375 0.061919999999999996
1 0.11578125000000006 0.567520000000001 0.0734375 0.033839999999999995
1 0.29765625 0.5764400000000001 0.2015625 0.09287999999999999
