0 0.47578125 0.9129999999999969 0.034375 0.044
0 0.396875 0.45959999999999857 0.01875 0.024
0 0.71953125 0.6005999999999999 0.040625 0.052
0 0.687109375 0.5048999999999991 0.0421875 0.054
0 0.298046875 0.20929999999999985 0.0359375 0.046
0 0.19765625 0.11899999999999993 0.021875 0.028
0 0.32890625 0.099 0.046875 0.06
0 0.293359375 0.0405 0.0234375 0.03
1 0.6068749999999979 0.6095800000000018 0.1140625 0.052559999999999996
1 0.6681249999999982 0.7780400000000047 0.146875 0.06767999999999999
1 0.6015625 0.84896 0.134375 0.061919999999999996
1 0.11921875000000007 0.569720000000001 0.0734375 0.033839999999999995
1 0.30703125 0.5704400000000001 0.2015625 0.09287999999999999
