0 0.47265625 0.9217999999999968 0.034375 0.044
0 0.39375 0.4643999999999985 0.01875 0.024
0 0.71640625 0.611 0.040625 0.052
0 0.683984375 0.5156999999999992 0.0421875 0.054
0 0.294921875 0.21849999999999983 0.0359375 0.046
0 0.19453125 0.12459999999999992 0.021875 0.028
0 0.32578125 0.111 0.046875 0.06
0 0.290234375 0.0465 0.0234375 0.03
1 0.6121874999999979 0.6061800000000016 0.1140625 0.052559999999999996
1 0.6749999999999982 0.7736400000000047 0.146875 0.06767999999999999
1 0.6078125 0.84496 0.134375 0.061919999999999996
1 0.12265625000000006 0.5719200000000011 0.0734375 0.033839999999999995
1 0.31640625 0.56444 0.2015625 0.09287999999999999
1 0.06921875 0.5329599999999999 0.1265625 0.05832
