0 0.46953125 0.9305999999999969 0.034375 0.044
0 0.396875 0.46919999999999845 0.01875 0.024
0 0.71328125 0.6214000000000001 0.040625 0.052
0 0.680859375 0.5264999999999991 0.0421875 0.054
0 0.291796875 0.22769999999999982 0.0359375 0.046
0 0.19140625 0.13019999999999993 0.021875 0.028
0 0.32265625 0.123 0.046875 0.06
0 0.287109375 0.0525 0.0234375 0.03
1 0.6174999999999978 0.6027800000000015 0.1140625 0.052559999999999996
1 0.6818749999999981 0.7692400000000046 0.146875 0.06767999999999999
1 0.6140625 0.84096 0.134375 0.061919999999999996
1 0.12609375000000006 0.5741200000000012 0.0734375 0.033839999999999995
1 0.32578125 0.55844 0.2015625 0.09287999999999999
1 0.07515625000000001 0.5367599999999999 0.1265625 0.05832
