0 0.46640625 0.9393999999999968 0.034375 0.044
0 0.4 0.4739999999999984 0.01875 0.024
0 0.71015625 0.6318000000000001 0.040625 0.052
0 0.683984375 0.537299999999999 0.0421875 0.054
0 0.294921875 0.2368999999999998 0.0359375 0.046
0 0.18828125 0.13579999999999992 0.021875 0.028
0 0.31953125 0.135 0.046875 0.06
0 0.283984375 0.0585 0.0234375 0.03
1 0.6228124999999978 0.5993800000000015 0.1140625 0.052559999999999996
1 0.6887499999999981 0.7648400000000045 0.146875 0.06767999999999999
1 0.6203125 0.83696 0.134375 0.061919999999999996
1 0.12953125000000007 0.5763200000000012 0.0734375 0.033839999999999995
1 0.33515625 0.55244 0.2015625 0.09287999999999999
1 0.08109374999999999 0.5405599999999998 0.1265625 0.05832
