0 0.46328125 0.9481999999999967 0.034375 0.044
0 0.403125 0.47879999999999834 0.01875 0.024
0 0.71328125 0.6422000000000003 0.040625 0.052
0 0.687109375 0.548099999999999 0.0421875 0.054
0 0.298046875 0.2460999999999998 0.0359375 0.046
0 0.18828125 0.14139999999999994 0.021875 0.028
0 0.31640625 0.147 0.046875 0.06
0 0.280859375 0.0645 0.0234375 0.03
1 0.6281249999999978 0.5959800000000014 0.1140625 0.052559999999999996
1 0.695624999999998 0.7604400000000043 0.146875 0.06767999999999999
1 0.6265625 0.83296 0.134375 0.061919999999999996
1 0.13296875000000008 0.5785200000000013 0.0734375 0.033839999999999995
1 0.34453125 0.54644 0.2015625 0.09287999999999999
1 0.08703125 0.5443599999999997 0.1265625 0.05832
