0 0.46015625 0.9569999999999967 0.034375 0.044
0 0.40625 0.4835999999999983 0.01875 0.024
0 0.71640625 0.6526000000000004 0.040625 0.052
0 0.690234375 0.558899999999999 0.0421875 0.054
0 0.301171875 0.2552999999999998 0.0359375 0.046
0 0.19140625 0.14699999999999996 0.021875 0.028
0 0.31640625 0.159 0.046875 0.06
0 0.277734375 0.0705 0.0234375 0.03
1 0.6334374999999978 0.5925800000000013 0.1140625 0.052559999999999996
1 0.702499999999998 0.7560400000000043 0.146875 0.06767999999999999
1 0.6328125 0.82896 0.134375 0.061919999999999996
1 0.1364062500000001 0.5807200000000012 0.0734375 0.033839999999999995
1 0.35390625 0.54044 0.2015625 0.09287999999999999
1 0.09296875 0.5481599999999998 0.1265625 0.05832
