0 0.46328125 0.9657999999999967 0.034375 0.044
0 0.409375 0.4883999999999983 0.01875 0.024
0 0.71953125 0.6630000000000005 0.040625 0.052
0 0.693359375 0.5696999999999989 0.0421875 0.054
0 0.304296875 0.2644999999999998 0.0359375 0.046
0 0.19453125 0.15259999999999999 0.021875 0.028
0 0.31953125 0.171 0.046875 0.06
0 0.274609375 0.0765 0.0234375 0.03
1 0.6387499999999977 0.5891800000000011 0.1140625 0.052559999999999996
1 0.709374999999998 0.7516400000000042 0.146875 0.06767999999999999
1 0.6390625 0.82496 0.134375 0.061919999999999996
1 0.13984375000000007 0.5829200000000013 0.0734375 0.033839999999999995
1 0.36328125 0.53444 0.2015625 0.09287999999999999
1 0.09890625 0.5519599999999997 0.1265625 0.05832
