0 0.46640625 0.9745999999999966 0.034375 0.044
0 0.72265625 0.6734000000000006 0.040625 0.052
0 0.696484375 0.5804999999999989 0.0421875 0.054
0 0.307421875 0.27369999999999983 0.0359375 0.046
0 0.19765625 0.1582 0.021875 0.028
0 0.32265625 0.183 0.046875 0.06
0 0.277734375 0.0825 0.0234375 0.03
1 0.6440624999999977 0.5857800000000011 0.1140625 0.052559999999999996
1 0.7162499999999979 0.7472400000000041 0.146875 0.06767999999999999
1 0.6453125 0.82096 0.134375 0.061919999999999996
1 0.14328125000000005 0.5851200000000014 0.0734375 0.033839999999999995
1 0.37265625 0.52844 0.2015625 0.09287999999999999
1 0.10484374999999999 0.5557599999999997 0.1265625 0.05832
