0 0.46953125 0.9833999999999966 0.034375 0.044
0 0.72578125 0.6838000000000006 0.040625 0.052
0 0.699609375 0.5912999999999988 0.0421875 0.054
0 0.310546875 0.2828999999999999 0.0359375 0.046
0 0.20078125 0.16380000000000003 0.021875 0.028
0 0.32578125 0.195 0.046875 0.06
0 0.280859375 0.0885 0.0234375 0.03
1 0.6493749999999976 0.582380000000001 0.1140625 0.052559999999999996
1 0.7231249999999979 0.742840000000004 0.146875 0.06767999999999999
1 0.6515625 0.81696 0.134375 0.061919999999999996
1 0.14671875000000004 0.5873200000000014 0.0734375 0.033839999999999995
1 0.38203125 0.52244 0.2015625 0.09287999999999999
1 0.11078124999999998 0.5595599999999996 0.1265625 0.05832
