0 0.47265625 0.9921999999999965 0.034375 0.044
0 0.72890625 0.6942000000000007 0.040625 0.052
0 0.696484375 0.6020999999999987 0.0421875 0.054
0 0.307421875 0.2920999999999999 0.0359375 0.046
0 0.20390625 0.16940000000000005 0.021875 0.028
0 0.32890625 0.207 0.046875 0.06
0 0.283984375 0.0945 0.0234375 0.03
1 0.6546874999999976 0.5789800000000009 0.1140625 0.052559999999999996
1 0.7299999999999979 0.7384400000000039 0.146875 0.06767999999999999
1 0.6578125 0.81296 0.134375 0.061919999999999996
1 0.15015625000000002 0.5895200000000015 0.0734375 0.033839999999999995
1 0.39140625 0.51644 0.2015625 0.09287999999999999
1 0.11671874999999998 0.5633599999999995 0.1265625 0.05832
