0 0.47578125 1.0009999999999966 0.034375 0.044
0 0.72578125 0.7046000000000008 0.040625 0.052
0 0.693359375 0.6128999999999988 0.0421875 0.054
0 0.304296875 0.30129999999999996 0.0359375 0.046
0 0.20390625 0.17500000000000007 0.021875 0.028
0 0.33203125 0.219 0.046875 0.06
0 0.287109375 0.1005 0.0234375 0.03
1 0.6599999999999976 0.5755800000000009 0.1140625 0.052559999999999996
1 0.7368749999999978 0.7340400000000038 0.146875 0.06767999999999999
1 0.6640625 0.80896 0.134375 0.061919999999999996
1 0.15359375 0.5917200000000015 0.0734375 0.033839999999999995
1 0.40078125 0.51044 0.2015625 0.09287999999999999
1 0.12265624999999998 0.5671599999999996 0.1265625 0.05832
