0 0.47890625 1.0097999999999965 0.034375 0.044
0 0.72265625 0.7150000000000009 0.040625 0.052
0 0.690234375 0.6236999999999987 0.0421875 0.054
0 0.301171875 0.3105 0.0359375 0.046
0 0.20078125 0.18060000000000012 0.021875 0.028
0 0.33203125 0.231 0.046875 0.06
0 0.290234375 0.1065 0.0234375 0.03
1 0.6653124999999975 0.5721800000000008 0.1140625 0.052559999999999996
1 0.7437499999999978 0.7296400000000037 0.146875 0.06767999999999999
1 0.6703125 0.80496 0.134375 0.061919999999999996
1 0.15703124999999998 0.5939200000000016 0.0734375 0.033839999999999995
1 0.41015625 0.50444 0.2015625 0.09287999999999999
1 0.12859374999999998 0.5709599999999995 0.1265625 0.05832
