0 0.71953125 0.725400000000001 0.040625 0.052
0 0.687109375 0.6344999999999986 0.0421875 0.054
0 0.298046875 0.31970000000000004 0.0359375 0.046
0 0.19765625 0.18620000000000014 0.021875 0.028
0 0.32890625 0.243 0.046875 0.06
0 0.293359375 0.1125 0.0234375 0.03
1 0.6706249999999975 0.5687800000000006 0.1140625 0.052559999999999996
1 0.7506249999999978 0.7252400000000037 0.146875 0.06767999999999999
1 0.6765625 0.80096 0.134375 0.061919999999999996
1 0.16046874999999997 0.5961200000000016 0.0734375 0.033839999999999995
1 0.41953125 0.49844 0.2015625 0.09287999999999999
1 0.13453124999999996 0.5747599999999994 0.1265625 0.05832
