0 0.71640625 0.7358000000000011 0.040625 0.052
0 0.683984375 0.6452999999999985 0.0421875 0.054
0 0.294921875 0.3289000000000001 0.0359375 0.046
0 0.19453125 0.19180000000000016 0.021875 0.028
0 0.32578125 0.255 0.046875 0.06
0 0.290234375 0.1185 0.0234375 0.03
1 0.6759374999999974 0.5653800000000005 0.1140625 0.052559999999999996
1 0.7574999999999977 0.7208400000000036 0.146875 0.06767999999999999
1 0.6828125 0.79696 0.134375 0.061919999999999996
1 0.16390624999999995 0.5983200000000016 0.0734375 0.033839999999999995
1 0.42890625 0.49244 0.2015625 0.09287999999999999
1 0.14046874999999998 0.5785599999999994 0.1265625 0.05832
