0 0.71328125 0.7462000000000012 0.040625 0.052
0 0.680859375 0.6560999999999986 0.0421875 0.054
0 0.291796875 0.3381000000000001 0.0359375 0.046
0 0.19140625 0.1974000000000002 0.021875 0.028
0 0.32265625 0.267 0.046875 0.06
0 0.287109375 0.1245 0.0234375 0.03
1 0.6812499999999975 0.5619800000000005 0.1140625 0.052559999999999996
1 0.7643749999999977 0.7164400000000035 0.146875 0.06767999999999999
1 0.6890625 0.79296 0.134375 0.061919999999999996
1 0.16734374999999993 0.6005200000000017 0.0734375 0.033839999999999995
1 0.43828125 0.48644 0.2015625 0.09287999999999999
1 0.14640624999999996 0.5823599999999993 0.1265625 0.05832
