0 0.36015625 0.7074000000000025 0.028125 0.036
0 0.683984375 0.6668999999999985 0.0421875 0.054
0 0.294921875 0.34730000000000016 0.0359375 0.046
0 0.18828125 0.2030000000000002 0.021875 0.028
0 0.31953125 0.279 0.046875 0.06
0 0.283984375 0.1305 0.0234375 0.03
1 0.6865624999999974 0.5585800000000004 0.1140625 0.052559999999999996
1 0.7712499999999977 0.7120400000000033 0.146875 0.06767999999999999
1 0.6953125 0.78896 0.134375 0.061919999999999996
1 0.1707812499999999 0.6027200000000017 0.0734375 0.033839999999999995
1 0.44765625 0.48044 0.2015625 0.09287999999999999
1 0.15234374999999994 0.5861599999999992 0.1265625 0.05832
