0 0.36328125 0.7146000000000026 0.028125 0.036
0 0.687109375 0.6776999999999984 0.0421875 0.054
0 0.298046875 0.3565000000000002 0.0359375 0.046
0 0.18828125 0.20860000000000023 0.021875 0.028
0 0.31640625 0.291 0.046875 0.06
0 0.280859375 0.1365 0.0234375 0.03
1 0.6918749999999974 0.5551800000000003 0.1140625 0.052559999999999996
1 0.7781249999999976 0.7076400000000033 0.146875 0.06767999999999999
1 0.7015625 0.78496 0.134375 0.061919999999999996
1 0.1742187499999999 0.6049200000000018 0.0734375 0.033839999999999995
1 0.45703125 0.47444 0.2015625 0.09287999999999999
1 0.15828124999999996 0.5899599999999993 0.1265625 0.05832
