0 0.36640625 0.7218000000000026 0.028125 0.036
0 0.690234375 0.6884999999999984 0.0421875 0.054
0 0.301171875 0.36570000000000025 0.0359375 0.046
0 0.19140625 0.21420000000000025 0.021875 0.028
0 0.31640625 0.303 0.046875 0.06
0 0.277734375 0.1425 0.0234375 0.03
1 0.6971874999999973 0.5517800000000002 0.1140625 0.052559999999999996
1 0.7849999999999976 0.7032400000000032 0.146875 0.06767999999999999
1 0.7078125 0.78096 0.134375 0.061919999999999996
1 0.17765624999999988 0.6071200000000018 0.0734375 0.033839999999999995
1 0.46640625 0.46844 0.2015625 0.09287999999999999
1 0.16421874999999994 0.5937599999999992 0.1265625 0.05832
