0 0.36953125 0.7290000000000026 0.028125 0.036
0 0.693359375 0.6992999999999984 0.0421875 0.054
0 0.304296875 0.37490000000000034 0.0359375 0.046
0 0.19453125 0.21980000000000027 0.021875 0.028
0 0.31953125 0.315 0.046875 0.06
0 0.274609375 0.1485 0.0234375 0.03
1 0.7024999999999972 0.5483800000000001 0.1140625 0.052559999999999996
1 0.7918749999999976 0.6988400000000031 0.146875 0.06767999999999999
1 0.7140625 0.77696 0.134375 0.061919999999999996
1 0.18109374999999986 0.6093200000000019 0.0734375 0.033839999999999995
1 0.47578125 0.46244 0.2015625 0.09287999999999999
1 0.17015624999999995 0.5975599999999992 0.1265625 0.05832
