0 0.37265625 0.7362000000000026 0.028125 0.036
0 0.696484375 0.7100999999999983 0.0421875 0.054
0 0.307421875 0.3841000000000004 0.0359375 0.046
0 0.19765625 0.2254000000000003 0.021875 0.028
0 0.32265625 0.327 0.046875 0.06
0 0.277734375 0.1545 0.0234375 0.03
1 0.7078124999999973 0.54498 0.1140625 0.052559999999999996
1 0.7987499999999975 0.694440000000003 0.146875 0.06767999999999999
1 0.7203125 0.7729600000000001 0.134375 0.061919999999999996
1 0.18453124999999984 0.611520000000002 0.0734375 0.033839999999999995
1 0.48515625 0.45644 0.2015625 0.09287999999999999
1 0.17609375 0.6013599999999991 0.1265625 0.05832
