0 0.37265625 0.7434000000000027 0.028125 0.036
0 0.699609375 0.7208999999999983 0.0421875 0.054
0 0.310546875 0.3933000000000004 0.0359375 0.046
0 0.20078125 0.23100000000000032 0.021875 0.028
0 0.32578125 0.339 0.046875 0.06
0 0.280859375 0.1605 0.0234375 0.03
1 0.7131249999999972 0.54158 0.1140625 0.052559999999999996
1 0.8056249999999974 0.6900400000000029 0.146875 0.06767999999999999
1 0.7265625 0.7689600000000001 0.134375 0.061919999999999996
1 0.18796874999999982 0.6137200000000019 0.0734375 0.033839999999999995
1 0.49453125 0.45044 0.2015625 0.09287999999999999
1 0.18203125 0.605159999999999 0.1265625 0.05832
