0 0.40625 0.5603999999999976 0.01875 0.024
0 0.36953125 0.7506000000000027 0.028125 0.036
0 0.696484375 0.7316999999999982 0.0421875 0.054
0 0.307421875 0.40250000000000047 0.0359375 0.046
0 0.20390625 0.23660000000000034 0.021875 0.028
0 0.32890625 0.351 0.046875 0.06
0 0.283984375 0.1665 0.0234375 0.03
1 0.7184374999999972 0.53818 0.1140625 0.052559999999999996
1 0.8124999999999976 0.6856400000000028 0.146875 0.06767999999999999
1 0.7328125 0.7649600000000001 0.134375 0.061919999999999996
1 0.1914062499999998 0.615920000000002 0.0734375 0.033839999999999995
1 0.50390625 0.44444 0.2015625 0.09287999999999999
1 0.18796875000000002 0.6089599999999991 0.1265625 0.05832
