0 0.403125 0.5651999999999976 0.01875 0.024
0 0.36640625 0.7578000000000028 0.028125 0.036
0 0.693359375 0.7424999999999982 0.0421875 0.054
0 0.304296875 0.4117000000000005 0.0359375 0.046
0 0.20390625 0.24220000000000036 0.021875 0.028
0 0.33203125 0.363 0.046875 0.06
0 0.287109375 0.1725 0.0234375 0.03
1 0.7237499999999971 0.5347799999999999 0.1140625 0.052559999999999996
1 0.8193749999999973 0.6812400000000027 0.146875 0.06767999999999999
1 0.7390625 0.7609600000000001 0.134375 0.061919999999999996
1 0.1948437499999998 0.618120000000002 0.0734375 0.033839999999999995
1 0.51328125 0.43844 0.2015625 0.09287999999999999
1 0.19390625000000003 0.612759999999999 0.1265625 0.05832
