0 0.4 0.5699999999999975 0.01875 0.024
0 0.36328125 0.7650000000000028 0.028125 0.036
0 0.690234375 0.7532999999999981 0.0421875 0.054
0 0.301171875 0.42090000000000055 0.0359375 0.046
0 0.20078125 0.24780000000000038 0.021875 0.028
0 0.33203125 0.375 0.046875 0.06
0 0.290234375 0.1785 0.0234375 0.03
1 0.7290624999999971 0.53138 0.1140625 0.052559999999999996
1 0.8262499999999975 0.6768400000000027 0.146875 0.06767999999999999
1 0.7453125 0.7569600000000001 0.134375 0.061919999999999996
1 0.19828124999999977 0.6203200000000021 0.0734375 0.033839999999999995
1 0.52265625 0.43244 0.2015625 0.09287999999999999
1 0.19984375000000004 0.6165599999999989 0.1265625 0.05832
