0 0.39375 0.5795999999999975 0.01875 0.024
0 0.35703125 0.779400000000003 0.028125 0.036
0 0.683984375 0.774899999999998 0.0421875 0.054
0 0.294921875 0.43930000000000063 0.0359375 0.046
0 0.19453125 0.25900000000000045 0.021875 0.028
0 0.32578125 0.399 0.046875 0.06
0 0.290234375 0.1905 0.0234375 0.03
1 0.7396874999999971 0.52458 0.1140625 0.052559999999999996
1 0.8399999999999974 0.6680400000000024 0.146875 0.06767999999999999
1 0.7578125 0.7489600000000001 0.134375 0.061919999999999996
1 0.20515624999999976 0.6247200000000022 0.0734375 0.033839999999999995
1 0.54140625 0.42044 0.2015625 0.09287999999999999
1 0.2117187500000001 0.6241599999999988 0.1265625 0.05832
