0 0.396875 0.5843999999999974 0.01875 0.024
0 0.35703125 0.786600000000003 0.028125 0.036
0 0.680859375 0.785699999999998 0.0421875 0.054
0 0.291796875 0.4485000000000007 0.0359375 0.046
0 0.19140625 0.26460000000000045 0.021875 0.028
0 0.32265625 0.411 0.046875 0.06
0 0.287109375 0.1965 0.0234375 0.03
1 0.744999999999997 0.5211800000000001 0.1140625 0.052559999999999996
1 0.8468749999999972 0.6636400000000023 0.146875 0.06767999999999999
1 0.7640625 0.7449600000000001 0.134375 0.061919999999999996
1 0.20859374999999974 0.6269200000000023 0.0734375 0.033839999999999995
1 0.55078125 0.41444 0.2015625 0.09287999999999999
1 0.2176562500000001 0.6279599999999987 0.1265625 0.05832
