0 0.4 0.5891999999999973 0.01875 0.024
0 0.36015625 0.7938000000000031 0.028125 0.036
0 0.683984375 0.796499999999998 0.0421875 0.054
0 0.294921875 0.4577000000000007 0.0359375 0.046
0 0.18828125 0.27020000000000044 0.021875 0.028
0 0.31953125 0.423 0.046875 0.06
0 0.283984375 0.2025 0.0234375 0.03
1 0.7503124999999969 0.5177800000000001 0.1140625 0.052559999999999996
1 0.8537499999999973 0.6592400000000023 0.146875 0.06767999999999999
1 0.7703125 0.7409600000000001 0.134375 0.061919999999999996
1 0.21203124999999973 0.6291200000000022 0.0734375 0.033839999999999995
1 0.56015625 0.40844 0.2015625 0.09287999999999999
1 0.22359375000000012 0.6317599999999988 0.1265625 0.05832
