0 0.403125 0.5939999999999973 0.01875 0.024
0 0.36328125 0.801000000000003 0.028125 0.036
0 0.687109375 0.8072999999999979 0.0421875 0.054
0 0.298046875 0.46690000000000076 0.0359375 0.046
0 0.18828125 0.2758000000000005 0.021875 0.028
0 0.31640625 0.435 0.046875 0.06
0 0.280859375 0.2085 0.0234375 0.03
1 0.7556249999999969 0.5143800000000001 0.1140625 0.052559999999999996
1 0.8606249999999971 0.6548400000000022 0.146875 0.06767999999999999
1 0.7765625 0.7369600000000001 0.134375 0.061919999999999996
1 0.2154687499999997 0.6313200000000023 0.0734375 0.033839999999999995
1 0.56953125 0.40244 0.2015625 0.09287999999999999
1 0.22953125000000013 0.6355599999999987 0.1265625 0.05832
