0 0.40625 0.5987999999999972 0.01875 0.024
0 0.36640625 0.8082000000000031 0.028125 0.036
0 0.690234375 0.8180999999999978 0.0421875 0.054
0 0.301171875 0.4761000000000008 0.0359375 0.046
0 0.19140625 0.2814000000000005 0.021875 0.028
0 0.31640625 0.447 0.046875 0.06
0 0.277734375 0.2145 0.0234375 0.03
1 0.7609374999999969 0.5109800000000001 0.1140625 0.052559999999999996
1 0.8674999999999973 0.6504400000000021 0.146875 0.06767999999999999
1 0.7828125 0.7329600000000001 0.134375 0.061919999999999996
1 0.2189062499999997 0.6335200000000024 0.0734375 0.033839999999999995
1 0.57890625 0.39644 0.2015625 0.09287999999999999
1 0.23546875000000017 0.6393599999999986 0.1265625 0.05832
