0 0.409375 0.6035999999999971 0.01875 0.024
0 0.36953125 0.8154000000000031 0.028125 0.036
0 0.693359375 0.8288999999999979 0.0421875 0.054
0 0.304296875 0.48530000000000084 0.0359375 0.046
0 0.19453125 0.28700000000000053 0.021875 0.028
0 0.31953125 0.459 0.046875 0.06
0 0.274609375 0.2205 0.0234375 0.03
1 0.7662499999999969 0.5075800000000001 0.1140625 0.052559999999999996
1 0.8743749999999972 0.6460400000000021 0.146875 0.06767999999999999
1 0.7890625 0.72896 0.134375 0.061919999999999996
1 0.22234374999999967 0.6357200000000024 0.0734375 0.033839999999999995
1 0.58828125 0.39044 0.2015625 0.09287999999999999
1 0.24140625000000018 0.6431599999999986 0.1265625 0.05832
