0 0.4125 0.6083999999999972 0.01875 0.024
0 0.37265625 0.8226000000000032 0.028125 0.036
0 0.696484375 0.8396999999999978 0.0421875 0.054
0 0.307421875 0.4945000000000009 0.0359375 0.046
0 0.19765625 0.2926000000000005 0.021875 0.028
0 0.32265625 0.471 0.046875 0.06
0 0.277734375 0.2265 0.0234375 0.03
0 0.590234375 0.0171 0.0296875 0.038
1 0.7715624999999968 0.5041800000000001 0.1140625 0.052559999999999996
1 0.8812499999999973 0.6416400000000019 0.146875 0.06767999999999999
1 0.7953125 0.72496 0.134375 0.061919999999999996
1 0.22578124999999966 0.6379200000000025 0.0734375 0.033839999999999995
1 0.59765625 0.38444 0.2015625 0.09287999999999999
1 0.2473437500000002 0.6469599999999985 0.1265625 0.05832
