0 0.409375 0.6131999999999971 0.01875 0.024
0 0.37265625 0.8298000000000032 0.028125 0.036
0 0.699609375 0.8504999999999977 0.0421875 0.054
0 0.310546875 0.5037000000000009 0.0359375 0.046
0 0.20078125 0.2982000000000006 0.021875 0.028
0 0.32578125 0.483 0.046875 0.06
0 0.280859375 0.2325 0.0234375 0.03
0 0.593359375 0.0247 0.0296875 0.038
1 0.7768749999999968 0.5041800000000001 0.1140625 0.052559999999999996
1 0.8881249999999975 0.6372400000000018 0.146875 0.06767999999999999
1 0.8015625 0.72096 0.134375 0.061919999999999996
1 0.22921874999999964 0.6401200000000025 0.0734375 0.033839999999999995
1 0.60703125 0.37844 0.2015625 0.09287999999999999
1 0.25328125000000024 0.6507599999999986 0.1265625 0.05832
