0 0.40625 0.617999999999997 0.01875 0.024
0 0.36953125 0.8370000000000033 0.028125 0.036
0 0.696484375 0.8612999999999977 0.0421875 0.054
0 0.307421875 0.512900000000001 0.0359375 0.046
0 0.20390625 0.30380000000000057 0.021875 0.028
0 0.32890625 0.495 0.046875 0.06
0 0.283984375 0.2385 0.0234375 0.03
0 0.596484375 0.032299999999999995 0.0296875 0.038
1 0.7821874999999967 0.5075800000000001 0.1140625 0.052559999999999996
1 0.8949999999999976 0.6328400000000017 0.146875 0.06767999999999999
1 0.8078125 0.71696 0.134375 0.061919999999999996
1 0.23265624999999962 0.6423200000000026 0.0734375 0.033839999999999995
1 0.61640625 0.37244 0.2015625 0.09287999999999999
1 0.2592187500000002 0.6545599999999985 0.1265625 0.05832
