0 0.403125 0.622799999999997 0.01875 0.024
0 0.36640625 0.8442000000000034 0.028125 0.036
0 0.693359375 0.8720999999999977 0.0421875 0.054
0 0.304296875 0.522100000000001 0.0359375 0.046
0 0.20390625 0.3094000000000006 0.021875 0.028
0 0.33203125 0.507 0.046875 0.06
0 0.287109375 0.2445 0.0234375 0.03
0 0.599609375 0.039900000000000005 0.0296875 0.038
1 0.7874999999999968 0.5109800000000001 0.1140625 0.052559999999999996
1 0.9018749999999978 0.6284400000000017 0.146875 0.06767999999999999
1 0.8140625 0.71296 0.134375 0.061919999999999996
1 0.2360937499999996 0.6445200000000026 0.0734375 0.033839999999999995
1 0.62578125 0.36644 0.2015625 0.09287999999999999
1 0.26515625000000026 0.6583599999999984 0.1265625 0.05832
