0 0.4 0.6275999999999969 0.01875 0.024
0 0.36328125 0.8514000000000034 0.028125 0.036
0 0.690234375 0.8828999999999976 0.0421875 0.054
0 0.301171875 0.5313000000000011 0.0359375 0.046
0 0.20078125 0.3150000000000006 0.021875 0.028
0 0.33203125 0.519 0.046875 0.06
0 0.290234375 0.2505 0.0234375 0.03
0 0.602734375 0.0475 0.0296875 0.038
1 0.7928124999999967 0.5143800000000001 0.1140625 0.052559999999999996
1 0.908749999999998 0.6240400000000016 0.146875 0.06767999999999999
1 0.8203125 0.70896 0.134375 0.061919999999999996
1 0.23953124999999958 0.6467200000000026 0.0734375 0.033839999999999995
1 0.63515625 0.36044 0.2015625 0.09287999999999999
1 0.27109375000000024 0.6621599999999984 0.1265625 0.05832
