0 0.396875 0.6323999999999969 0.01875 0.024
0 0.36015625 0.8586000000000035 0.028125 0.036
0 0.687109375 0.8936999999999975 0.0421875 0.054
0 0.298046875 0.5405000000000011 0.0359375 0.046
0 0.19765625 0.32060000000000066 0.021875 0.028
0 0.32890625 0.531 0.046875 0.06
0 0.293359375 0.2565 0.0234375 0.03
0 0.602734375 0.055099999999999996 0.0296875 0.038
1 0.7981249999999966 0.5177800000000001 0.1140625 0.052559999999999996
1 0.915624999999998 0.6196400000000014 0.146875 0.06767999999999999
1 0.8265625 0.70496 0.134375 0.061919999999999996
1 0.24296874999999957 0.6489200000000027 0.0734375 0.033839999999999995
1 0.64453125 0.35444 0.2015625 0.09287999999999999
1 0.2770312500000003 0.6659599999999983 0.1265625 0.05832
