0 0.39375 0.6371999999999969 0.01875 0.024
0 0.35703125 0.8658000000000035 0.028125 0.036
0 0.683984375 0.9044999999999975 0.0421875 0.054
0 0.294921875 0.5497000000000012 0.0359375 0.046
0 0.19453125 0.32620000000000066 0.021875 0.028
0 0.32578125 0.543 0.046875 0.06
0 0.290234375 0.2625 0.0234375 0.03
0 0.599609375 0.06269999999999999 0.0296875 0.038
1 0.8034374999999965 0.5211800000000001 0.1140625 0.052559999999999996
1 0.9224999999999982 0.6152400000000013 0.146875 0.06767999999999999
1 0.8328125 0.70096 0.134375 0.061919999999999996
1 0.24640624999999955 0.6511200000000027 0.0734375 0.033839999999999995
1 0.65390625 0.34843999999999997 0.2015625 0.09287999999999999
1 0.2829687500000003 0.6697599999999982 0.1265625 0.05832
