0 0.396875 0.6419999999999968 0.01875 0.024
0 0.35703125 0.8730000000000036 0.028125 0.036
0 0.680859375 0.9152999999999974 0.0421875 0.054
0 0.291796875 0.5589000000000012 0.0359375 0.046
0 0.19140625 0.3318000000000007 0.021875 0.028
0 0.32265625 0.555 0.046875 0.06
0 0.287109375 0.2685 0.0234375 0.03
0 0.596484375 0.07029999999999999 0.0296875 0.038
1 0.8087499999999966 0.52458 0.1140625 0.052559999999999996
1 0.9293749999999983 0.6108400000000013 0.146875 0.06767999999999999
1 0.8390625 0.69696 0.134375 0.061919999999999996
1 0.24984374999999953 0.6533200000000028 0.0734375 0.033839999999999995
1 0.66328125 0.34244 0.2015625 0.09287999999999999
1 0.2889062500000003 0.6735599999999983 0.1265625 0.05832
