0 0.4 0.6467999999999968 0.01875 0.024
0 0.36015625 0.8802000000000035 0.028125 0.036
0 0.683984375 0.9260999999999974 0.0421875 0.054
0 0.294921875 0.5681000000000013 0.0359375 0.046
0 0.18828125 0.3374000000000007 0.021875 0.028
0 0.31953125 0.567 0.046875 0.06
0 0.283984375 0.2745 0.0234375 0.03
0 0.593359375 0.07789999999999998 0.0296875 0.038
1 0.8140624999999965 0.52798 0.1140625 0.052559999999999996
1 0.9224999999999982 0.6064400000000012 0.146875 0.06767999999999999
1 0.8453125 0.69296 0.134375 0.061919999999999996
1 0.2532812499999995 0.6555200000000029 0.0734375 0.033839999999999995
1 0.67265625 0.33644 0.2015625 0.09287999999999999
1 0.29484375000000035 0.6773599999999982 0.1265625 0.05832
