0 0.403125 0.6515999999999967 0.01875 0.024
0 0.36328125 0.8874000000000036 0.028125 0.036
0 0.687109375 0.9368999999999974 0.0421875 0.054
0 0.298046875 0.5773000000000014 0.0359375 0.046
0 0.18828125 0.34300000000000075 0.021875 0.028
0 0.31640625 0.579 0.046875 0.06
0 0.280859375 0.2805 0.0234375 0.03
0 0.590234375 0.08549999999999996 0.0296875 0.038
1 0.8193749999999966 0.53138 0.1140625 0.052559999999999996
1 0.915624999999998 0.6020400000000011 0.146875 0.06767999999999999
1 0.8515625 0.68896 0.134375 0.061919999999999996
1 0.2567187499999995 0.6577200000000029 0.0734375 0.033839999999999995
1 0.68203125 0.33044 0.2015625 0.09287999999999999
1 0.30078125000000033 0.6811599999999981 0.1265625 0.05832
