0 0.40625 0.6563999999999967 0.01875 0.024
0 0.36640625 0.8946000000000036 0.028125 0.036
0 0.690234375 0.9476999999999973 0.0421875 0.054
0 0.301171875 0.5865000000000014 0.0359375 0.046
0 0.19140625 0.34860000000000074 0.021875 0.028
0 0.31640625 0.591 0.046875 0.06
0 0.277734375 0.2865 0.0234375 0.03
0 0.587109375 0.09309999999999996 0.0296875 0.038
1 0.8246874999999964 0.5347799999999999 0.1140625 0.052559999999999996
1 0.908749999999998 0.5976400000000011 0.146875 0.06767999999999999
1 0.8578125 0.68496 0.134375 0.061919999999999996
1 0.2601562499999995 0.659920000000003 0.0734375 0.033839999999999995
1 0.69140625 0.32444 0.2015625 0.09287999999999999
1 0.3067187500000004 0.6849599999999981 0.1265625 0.05832
