0 0.409375 0.6611999999999967 0.01875 0.024
0 0.36953125 0.9018000000000037 0.028125 0.036
0 0.693359375 0.9584999999999972 0.0421875 0.054
0 0.304296875 0.5957000000000015 0.0359375 0.046
0 0.19453125 0.3542000000000008 0.021875 0.028
0 0.31953125 0.603 0.046875 0.06
0 0.274609375 0.2925 0.0234375 0.03
0 0.587109375 0.10069999999999996 0.0296875 0.038
1 0.8299999999999965 0.53818 0.1140625 0.052559999999999996
1 0.9018749999999978 0.5932400000000009 0.146875 0.06767999999999999
1 0.8640625 0.68096 0.134375 0.061919999999999996
1 0.26359374999999946 0.6621200000000029 0.0734375 0.033839999999999995
1 0.70078125 0.31844 0.2015625 0.09287999999999999
1 0.3126562500000004 0.688759999999998 0.1265625 0.05832
