0 0.4125 0.6659999999999966 0.01875 0.024
0 0.37265625 0.9090000000000038 0.028125 0.036
0 0.696484375 0.9692999999999973 0.0421875 0.054
0 0.307421875 0.6049000000000014 0.0359375 0.046
0 0.19765625 0.3598000000000008 0.021875 0.028
0 0.32265625 0.615 0.046875 0.06
0 0.277734375 0.2985 0.0234375 0.03
0 0.590234375 0.10829999999999995 0.0296875 0.038
1 0.8353124999999963 0.54158 0.1140625 0.052559999999999996
1 0.8949999999999976 0.5888400000000008 0.146875 0.06767999999999999
1 0.8703125 0.67696 0.134375 0.061919999999999996
1 0.26703124999999944 0.664320000000003 0.0734375 0.033839999999999995
1 0.71015625 0.31244 0.2015625 0.09287999999999999
1 0.3185937500000004 0.6925599999999981 0.1265625 0.05832
