0 0.409375 0.6707999999999965 0.01875 0.024
0 0.37265625 0.9162000000000038 0.028125 0.036
0 0.699609375 0.9800999999999972 0.0421875 0.054
0 0.310546875 0.6141000000000015 0.0359375 0.046
0 0.20078125 0.36540000000000084 0.021875 0.028
0 0.32578125 0.627 0.046875 0.06
0 0.280859375 0.3045 0.0234375 0.03
0 0.593359375 0.11589999999999995 0.0296875 0.038
1 0.8406249999999964 0.54498 0.1140625 0.052559999999999996
1 0.8881249999999975 0.5844400000000007 0.146875 0.06767999999999999
1 0.8765625 0.67296 0.134375 0.061919999999999996
1 0.2704687499999994 0.666520000000003 0.0734375 0.033839999999999995
1 0.71953125 0.30644 0.2015625 0.09287999999999999
1 0.32453125000000044 0.696359999999998 0.1265625 0.05832
