0 0.40625 0.6755999999999965 0.01875 0.024
0 0.36953125 0.9234000000000039 0.028125 0.036
0 0.696484375 0.9908999999999971 0.0421875 0.054
0 0.307421875 0.6233000000000015 0.0359375 0.046
0 0.20390625 0.37100000000000083 0.021875 0.028
0 0.32890625 0.639 0.046875 0.06
0 0.283984375 0.3105 0.0234375 0.03
0 0.596484375 0.12349999999999994 0.0296875 0.038
1 0.8459374999999962 0.5483800000000001 0.1140625 0.052559999999999996
1 0.8812499999999973 0.5800400000000007 0.146875 0.06767999999999999
1 0.8828125 0.66896 0.134375 0.061919999999999996
1 0.2739062499999994 0.6687200000000031 0.0734375 0.033839999999999995
1 0.72890625 0.30044 0.2015625 0.09287999999999999
1 0.3304687500000004 0.7001599999999979 0.1265625 0.05832
