0 0.403125 0.6803999999999965 0.01875 0.024
0 0.36640625 0.9306000000000039 0.028125 0.036
0 0.693359375 1.0016999999999971 0.0421875 0.054
0 0.304296875 0.6325000000000016 0.0359375 0.046
0 0.20390625 0.3766000000000009 0.021875 0.028
0 0.33203125 0.651 0.046875 0.06
0 0.287109375 0.3165 0.0234375 0.03
0 0.599609375 0.13109999999999994 0.0296875 0.038
1 0.8512499999999964 0.5517800000000002 0.1140625 0.052559999999999996
1 0.8743749999999972 0.5756400000000006 0.146875 0.06767999999999999
1 0.8890625 0.66496 0.134375 0.061919999999999996
1 0.2773437499999994 0.6709200000000032 0.0734375 0.033839999999999995
1 0.73828125 0.29444 0.2015625 0.09287999999999999
1 0.33640625000000046 0.7039599999999979 0.1265625 0.05832
1 0.058125 0.52768 0.10625 0.048960000000000004
