0 0.36328125 0.937800000000004 0.028125 0.036
0 0.690234375 1.012499999999997 0.0421875 0.054
0 0.301171875 0.6417000000000016 0.0359375 0.046
0 0.20078125 0.3822000000000009 0.021875 0.028
0 0.33203125 0.663 0.046875 0.06
0 0.290234375 0.3225 0.0234375 0.03
0 0.602734375 0.13869999999999993 0.0296875 0.038
1 0.8565624999999961 0.5551800000000003 0.1140625 0.052559999999999996
1 0.8674999999999973 0.5712400000000004 0.146875 0.06767999999999999
1 0.8953125 0.66096 0.134375 0.061919999999999996
1 0.28078124999999937 0.6731200000000032 0.0734375 0.033839999999999995
1 0.74765625 0.28844 0.2015625 0.09287999999999999
1 0.3423437500000005 0.7077599999999978 0.1265625 0.05832
1 0.063125 0.5308800000000001 0.10625 0.048960000000000004
