0 0.36015625 0.945000000000004 0.028125 0.036
0 0.298046875 0.6509000000000017 0.0359375 0.046
0 0.19765625 0.3878000000000009 0.021875 0.028
0 0.32890625 0.675 0.046875 0.06
0 0.293359375 0.3285 0.0234375 0.03
0 0.602734375 0.14629999999999996 0.0296875 0.038
1 0.8618749999999963 0.5585800000000004 0.1140625 0.052559999999999996
1 0.8606249999999973 0.5668400000000003 0.146875 0.06767999999999999
1 0.9015625 0.65696 0.134375 0.061919999999999996
1 0.28421874999999935 0.6753200000000033 0.0734375 0.033839999999999995
1 0.75703125 0.28244 0.2015625 0.09287999999999999
1 0.3482812500000005 0.7115599999999977 0.1265625 0.05832
1 0.068125 0.5340800000000001 0.10625 0.048960000000000004
