0 0.35703125 0.952200000000004 0.028125 0.036
0 0.294921875 0.6601000000000017 0.0359375 0.046
0 0.19453125 0.39340000000000097 0.021875 0.028
0 0.32578125 0.687 0.046875 0.06
0 0.290234375 0.3345 0.0234375 0.03
0 0.599609375 0.15389999999999998 0.0296875 0.038
1 0.8671874999999964 0.5619800000000005 0.1140625 0.052559999999999996
1 0.8537499999999973 0.5624400000000003 0.146875 0.06767999999999999
1 0.9078125 0.65296 0.134375 0.061919999999999996
1 0.28765624999999934 0.6775200000000032 0.0734375 0.033839999999999995
1 0.76640625 0.27644 0.2015625 0.09287999999999999
1 0.3542187500000005 0.7153599999999978 0.1265625 0.05832
1 0.073125 0.5372800000000002 0.10625 0.048960000000000004
