0 0.35703125 0.959400000000004 0.028125 0.036
0 0.291796875 0.6693000000000018 0.0359375 0.046
0 0.19140625 0.39900000000000097 0.021875 0.028
0 0.32265625 0.699 0.046875 0.06
0 0.287109375 0.3405 0.0234375 0.03
0 0.596484375 0.1615 0.0296875 0.038
1 0.8724999999999966 0.5653800000000005 0.1140625 0.052559999999999996
1 0.8468749999999974 0.5580400000000002 0.146875 0.06767999999999999
1 0.9140625 0.64896 0.134375 0.061919999999999996
1 0.2910937499999993 0.6797200000000033 0.0734375 0.033839999999999995
1 0.77578125 0.27044 0.2015625 0.09287999999999999
1 0.3601562500000005 0.7191599999999977 0.1265625 0.05832
1 0.078125 0.5404800000000003 0.10625 0.048960000000000004
