0 0.36015625 0.9666000000000041 0.028125 0.036
0 0.294921875 0.6785000000000018 0.0359375 0.046
0 0.18828125 0.404600000000001 0.021875 0.028
0 0.31953125 0.711 0.046875 0.06
0 0.283984375 0.3465 0.0234375 0.03
0 0.593359375 0.16910000000000003 0.0296875 0.038
1 0.8778124999999968 0.5687800000000006 0.1140625 0.052559999999999996
1 0.8399999999999974 0.5536400000000001 0.146875 0.06767999999999999
1 0.9203125 0.6449600000000001 0.134375 0.061919999999999996
1 0.2945312499999993 0.6819200000000034 0.0734375 0.033839999999999995
1 0.78515625 0.26444 0.2015625 0.09287999999999999
1 0.36609375000000055 0.7229599999999976 0.1265625 0.05832
1 0.083125 0.5436800000000003 0.10625 0.048960000000000004
