0 0.36328125 0.9738000000000041 0.028125 0.036
0 0.298046875 0.6877000000000019 0.0359375 0.046
0 0.18828125 0.410200000000001 0.021875 0.028
0 0.31640625 0.723 0.046875 0.06
0 0.280859375 0.3525 0.0234375 0.03
0 0.590234375 0.17670000000000005 0.0296875 0.038
1 0.8831249999999968 0.5721800000000008 0.1140625 0.052559999999999996
1 0.8331249999999975 0.5492400000000001 0.146875 0.06767999999999999
1 0.9265625 0.6409600000000001 0.134375 0.061919999999999996
1 0.2979687499999993 0.6841200000000034 0.0734375 0.033839999999999995
1 0.79453125 0.25844 0.2015625 0.09287999999999999
1 0.3720312500000006 0.7267599999999976 0.1265625 0.05832
1 0.08812500000000001 0.5468800000000004 0.10625 0.048960000000000004
