0 0.36640625 0.9810000000000042 0.028125 0.036
0 0.301171875 0.696900000000002 0.0359375 0.046
0 0.19140625 0.41580000000000106 0.021875 0.028
0 0.31640625 0.735 0.046875 0.06
0 0.277734375 0.3585 0.0234375 0.03
0 0.587109375 0.18430000000000007 0.0296875 0.038
1 0.888437499999997 0.5755800000000009 0.1140625 0.052559999999999996
1 0.8262499999999975 0.5448399999999999 0.146875 0.06767999999999999
1 0.9328125 0.6369600000000001 0.134375 0.061919999999999996
1 0.30140624999999927 0.6863200000000035 0.0734375 0.033839999999999995
1 0.80390625 0.25244 0.2015625 0.09287999999999999
1 0.3779687500000006 0.7305599999999975 0.1265625 0.05832
1 0.09312500000000001 0.5500800000000003 0.10625 0.048960000000000004
