0 0.36953125 0.9882000000000043 0.028125 0.036
0 0.304296875 0.706100000000002 0.0359375 0.046
0 0.19453125 0.42140000000000105 0.021875 0.028
0 0.31953125 0.747 0.046875 0.06
0 0.274609375 0.3645 0.0234375 0.03
0 0.587109375 0.1919000000000001 0.0296875 0.038
1 0.8937499999999972 0.5789800000000009 0.1140625 0.052559999999999996
1 0.8193749999999975 0.5404399999999999 0.146875 0.06767999999999999
1 0.9328125 0.6329600000000001 0.134375 0.061919999999999996
1 0.30484374999999925 0.6885200000000035 0.0734375 0.033839999999999995
1 0.81328125 0.24644 0.2015625 0.09287999999999999
1 0.3839062500000006 0.7343599999999975 0.1265625 0.05832
1 0.09812500000000002 0.5532800000000004 0.10625 0.048960000000000004
