0 0.37265625 0.9954000000000043 0.028125 0.036
0 0.307421875 0.715300000000002 0.0359375 0.046
0 0.19765625 0.4270000000000011 0.021875 0.028
0 0.32265625 0.759 0.046875 0.06
0 0.277734375 0.3705 0.0234375 0.03
0 0.590234375 0.19950000000000012 0.0296875 0.038
1 0.8990624999999973 0.582380000000001 0.1140625 0.052559999999999996
1 0.8124999999999976 0.53604 0.146875 0.06767999999999999
1 0.9265625 0.6289600000000001 0.134375 0.061919999999999996
1 0.30828124999999923 0.6907200000000036 0.0734375 0.033839999999999995
1 0.82265625 0.24044 0.2015625 0.09287999999999999
1 0.3898437500000006 0.7381599999999975 0.1265625 0.05832
1 0.103125 0.5564800000000004 0.10625 0.048960000000000004
