0 0.37265625 1.0026000000000044 0.028125 0.036
0 0.310546875 0.724500000000002 0.0359375 0.046
0 0.20078125 0.4326000000000011 0.021875 0.028
0 0.32578125 0.771 0.046875 0.06
0 0.280859375 0.3765 0.0234375 0.03
0 0.593359375 0.20710000000000015 0.0296875 0.038
0 0.67578125 0.012600000000000002 0.021875 0.028
1 0.9043749999999975 0.5857800000000011 0.1140625 0.052559999999999996
1 0.8056249999999976 0.53164 0.146875 0.06767999999999999
1 0.9203125 0.6249600000000001 0.134375 0.061919999999999996
1 0.3117187499999992 0.6929200000000036 0.0734375 0.033839999999999995
1 0.83203125 0.23444 0.2015625 0.09287999999999999
1 0.39578125000000064 0.7419599999999974 0.1265625 0.05832
1 0.10812500000000003 0.5596800000000005 0.10625 0.048960000000000004
