0 0.307421875 0.7337000000000021 0.0359375 0.046
0 0.20390625 0.43820000000000114 0.021875 0.028
0 0.32890625 0.783 0.046875 0.06
0 0.283984375 0.3825 0.0234375 0.03
0 0.596484375 0.21470000000000017 0.0296875 0.038
0 0.67890625 0.018200000000000004 0.021875 0.028
1 0.9096874999999975 0.5891800000000011 0.1140625 0.052559999999999996
1 0.7987499999999976 0.52724 0.146875 0.06767999999999999
1 0.9140625 0.6209600000000001 0.134375 0.061919999999999996
1 0.3151562499999992 0.6951200000000036 0.0734375 0.033839999999999995
1 0.84140625 0.22844 0.2015625 0.09287999999999999
1 0.4017187500000007 0.7457599999999974 0.1265625 0.05832
1 0.113125 0.5628800000000006 0.10625 0.048960000000000004
