0 0.304296875 0.7429000000000021 0.0359375 0.046
0 0.20390625 0.44380000000000114 0.021875 0.028
0 0.33203125 0.795 0.046875 0.06
0 0.287109375 0.3885 0.0234375 0.03
0 0.599609375 0.2223000000000002 0.0296875 0.038
0 0.68203125 0.0238 0.021875 0.028
1 0.9149999999999977 0.5925800000000013 0.1140625 0.052559999999999996
1 0.7918749999999977 0.5228400000000001 0.146875 0.06767999999999999
1 0.9078125 0.6169600000000001 0.134375 0.061919999999999996
1 0.3185937499999992 0.6973200000000037 0.0734375 0.033839999999999995
1 0.85078125 0.22244 0.2015625 0.09287999999999999
1 0.40765625000000066 0.7495599999999973 0.1265625 0.05832
1 0.11812500000000004 0.5660800000000006 0.10625 0.048960000000000004
