0 0.301171875 0.7521000000000022 0.0359375 0.046
0 0.20078125 0.4494000000000012 0.021875 0.028
0 0.33203125 0.807 0.046875 0.06
0 0.290234375 0.3945 0.0234375 0.03
0 0.602734375 0.22990000000000022 0.0296875 0.038
0 0.68515625 0.029400000000000003 0.021875 0.028
0 0.394140625 0.0225 0.0390625 0.05
1 0.9203124999999979 0.5959800000000014 0.1140625 0.052559999999999996
1 0.7849999999999977 0.51844 0.146875 0.06767999999999999
1 0.9015625 0.6129600000000001 0.134375 0.061919999999999996
1 0.32203124999999916 0.6995200000000037 0.0734375 0.033839999999999995
1 0.86015625 0.21644 0.2015625 0.09287999999999999
1 0.4135937500000007 0.7533599999999973 0.1265625 0.05832
1 0.12312500000000001 0.5692800000000007 0.10625 0.048960000000000004
