0 0.298046875 0.7613000000000022 0.0359375 0.046
0 0.19765625 0.4550000000000012 0.021875 0.028
0 0.32890625 0.819 0.046875 0.06
0 0.293359375 0.4005 0.0234375 0.03
0 0.602734375 0.23750000000000024 0.0296875 0.038
0 0.68828125 0.035 0.021875 0.028
0 0.397265625 0.0325 0.0390625 0.05
1 0.925624999999998 0.5993800000000015 0.1140625 0.052559999999999996
1 0.7781249999999977 0.51404 0.146875 0.06767999999999999
1 0.8953125 0.6089600000000001 0.134375 0.061919999999999996
1 0.32546874999999914 0.7017200000000038 0.0734375 0.033839999999999995
1 0.86953125 0.21044 0.2015625 0.09287999999999999
1 0.4195312500000007 0.7571599999999973 0.1265625 0.05832
1 0.12812500000000004 0.5724800000000007 0.10625 0.048960000000000004
