0 0.294921875 0.7705000000000023 0.0359375 0.046
0 0.19453125 0.46060000000000123 0.021875 0.028
0 0.32578125 0.831 0.046875 0.06
0 0.290234375 0.4065 0.0234375 0.03
0 0.599609375 0.24510000000000026 0.0296875 0.038
0 0.68828125 0.040600000000000004 0.021875 0.028
0 0.400390625 0.0425 0.0390625 0.05
1 0.9309374999999982 0.6027800000000015 0.1140625 0.052559999999999996
1 0.7712499999999978 0.5096400000000001 0.146875 0.06767999999999999
1 0.8890625 0.60496 0.134375 0.061919999999999996
1 0.3289062499999991 0.7039200000000039 0.0734375 0.033839999999999995
1 0.87890625 0.20444 0.2015625 0.09287999999999999
1 0.42546875000000073 0.7609599999999972 0.1265625 0.05832
1 0.13312500000000002 0.5756800000000007 0.10625 0.048960000000000004
