0 0.291796875 0.7797000000000023 0.0359375 0.046
0 0.19140625 0.4662000000000012 0.021875 0.028
0 0.32265625 0.843 0.046875 0.06
0 0.287109375 0.4125 0.0234375 0.03
0 0.596484375 0.25270000000000026 0.0296875 0.038
0 0.68515625 0.0462 0.021875 0.028
0 0.403515625 0.0525 0.0390625 0.05
1 0.9362499999999983 0.6061800000000016 0.1140625 0.052559999999999996
1 0.7643749999999978 0.5052400000000001 0.146875 0.06767999999999999
1 0.8828125 0.60096 0.134375 0.061919999999999996
1 0.3323437499999991 0.7061200000000039 0.0734375 0.033839999999999995
1 0.88828125 0.19844 0.2015625 0.09287999999999999
1 0.43140625000000077 0.7647599999999971 0.1265625 0.05832
1 0.13812500000000005 0.5788800000000008 0.10625 0.048960000000000004
