0 0.294921875 0.7889000000000024 0.0359375 0.046
0 0.18828125 0.4718000000000013 0.021875 0.028
0 0.31953125 0.855 0.046875 0.06
0 0.283984375 0.4185 0.0234375 0.03
0 0.593359375 0.2603000000000003 0.0296875 0.038
0 0.68203125 0.05179999999999999 0.021875 0.028
0 0.406640625 0.0625 0.0390625 0.05
1 0.9415624999999984 0.6095800000000018 0.1140625 0.052559999999999996
1 0.7574999999999978 0.5008400000000002 0.146875 0.06767999999999999
1 0.8765625 0.59696 0.134375 0.061919999999999996
1 0.3357812499999991 0.708320000000004 0.0734375 0.033839999999999995
1 0.89765625 0.19244 0.2015625 0.09287999999999999
1 0.43734375000000075 0.7685599999999971 0.1265625 0.05832
1 0.14312500000000003 0.5820800000000008 0.10625 0.048960000000000004
