0 0.298046875 0.7981000000000024 0.0359375 0.046
0 0.18828125 0.47740000000000127 0.021875 0.028
0 0.31640625 0.867 0.046875 0.06
0 0.280859375 0.4245 0.0234375 0.03
0 0.590234375 0.2679000000000003 0.0296875 0.038
0 0.67890625 0.057399999999999986 0.021875 0.028
0 0.406640625 0.0725 0.0390625 0.05
1 0.9415624999999984 0.6129800000000019 0.1140625 0.052559999999999996
1 0.7506249999999979 0.49644000000000016 0.146875 0.06767999999999999
1 0.8703125 0.59296 0.134375 0.061919999999999996
1 0.33921874999999907 0.7105200000000039 0.0734375 0.033839999999999995
1 0.89765625 0.18644 0.2015625 0.09287999999999999
1 0.4432812500000008 0.772359999999997 0.1265625 0.05832
1 0.14812500000000006 0.5852800000000009 0.10625 0.048960000000000004
