0 0.301171875 0.8073000000000025 0.0359375 0.046
0 0.19140625 0.4830000000000013 0.021875 0.028
0 0.31640625 0.879 0.046875 0.06
0 0.277734375 0.4305 0.0234375 0.03
0 0.587109375 0.27550000000000036 0.0296875 0.038
0 0.67578125 0.06299999999999997 0.021875 0.028
0 0.403515625 0.0825 0.0390625 0.05
1 0.9362499999999983 0.6163800000000019 0.1140625 0.052559999999999996
1 0.7437499999999979 0.4920400000000002 0.146875 0.06767999999999999
1 0.8640625 0.58896 0.134375 0.061919999999999996
1 0.34265624999999905 0.712720000000004 0.0734375 0.033839999999999995
1 0.88828125 0.18044 0.2015625 0.09287999999999999
1 0.4492187500000008 0.776159999999997 0.1265625 0.05832
1 0.15312500000000004 0.5884800000000009 0.10625 0.048960000000000004
