0 0.304296875 0.8165000000000024 0.0359375 0.046
0 0.19453125 0.4886000000000013 0.021875 0.028
0 0.31953125 0.891 0.046875 0.06
0 0.274609375 0.4365 0.0234375 0.03
0 0.587109375 0.28310000000000035 0.0296875 0.038
0 0.67265625 0.06859999999999997 0.021875 0.028
0 0.400390625 0.0925 0.0390625 0.05
1 0.9309374999999982 0.619780000000002 0.1140625 0.052559999999999996
1 0.736874999999998 0.48764000000000024 0.146875 0.06767999999999999
1 0.8578125 0.58496 0.134375 0.061919999999999996
1 0.34609374999999903 0.714920000000004 0.0734375 0.033839999999999995
1 0.87890625 0.17443999999999998 0.2015625 0.09287999999999999
1 0.4551562500000008 0.779959999999997 0.1265625 0.05832
1 0.15812500000000002 0.591680000000001 0.10625 0.048960000000000004
