0 0.307421875 0.8257000000000025 0.0359375 0.046
0 0.19765625 0.49420000000000136 0.021875 0.028
0 0.32265625 0.903 0.046875 0.06
0 0.277734375 0.4425 0.0234375 0.03
0 0.590234375 0.2907000000000004 0.0296875 0.038
0 0.67265625 0.07419999999999997 0.021875 0.028
0 0.397265625 0.1025 0.0390625 0.05
1 0.925624999999998 0.6231800000000021 0.1140625 0.052559999999999996
1 0.729999999999998 0.4832400000000002 0.146875 0.06767999999999999
1 0.8515625 0.58096 0.134375 0.061919999999999996
1 0.349531249999999 0.7171200000000041 0.0734375 0.033839999999999995
1 0.86953125 0.16844 0.2015625 0.09287999999999999
1 0.46109375000000086 0.7837599999999969 0.1265625 0.05832
1 0.16312500000000002 0.594880000000001 0.10625 0.048960000000000004
