0 0.310546875 0.8349000000000026 0.0359375 0.046
0 0.20078125 0.49980000000000135 0.021875 0.028
0 0.32578125 0.915 0.046875 0.06
0 0.280859375 0.4485 0.0234375 0.03
0 0.593359375 0.2983000000000004 0.0296875 0.038
0 0.67578125 0.07979999999999997 0.021875 0.028
0 0.394140625 0.1125 0.0390625 0.05
1 0.9203124999999979 0.6265800000000022 0.1140625 0.052559999999999996
1 0.723124999999998 0.47884000000000027 0.146875 0.06767999999999999
1 0.8453125 0.57696 0.134375 0.061919999999999996
1 0.352968749999999 0.7193200000000042 0.0734375 0.033839999999999995
1 0.86015625 0.16244 0.2015625 0.09287999999999999
1 0.4670312500000008 0.7875599999999969 0.1265625 0.05832
1 0.168125 0.598080000000001 0.10625 0.048960000000000004
