0 0.40625 0.7907999999999954 0.01875 0.024
0 0.307421875 0.8441000000000026 0.0359375 0.046
0 0.20390625 0.5054000000000014 0.021875 0.028
0 0.32890625 0.927 0.046875 0.06
0 0.283984375 0.4545 0.0234375 0.03
0 0.596484375 0.30590000000000045 0.0296875 0.038
0 0.67890625 0.08539999999999996 0.021875 0.028
0 0.391015625 0.1225 0.0390625 0.05
1 0.9149999999999977 0.6299800000000023 0.1140625 0.052559999999999996
1 0.716249999999998 0.4744400000000003 0.146875 0.06767999999999999
1 0.8390625 0.57296 0.134375 0.061919999999999996
1 0.356406249999999 0.7215200000000042 0.0734375 0.033839999999999995
1 0.85078125 0.15644 0.2015625 0.09287999999999999
1 0.4729687500000007 0.7913599999999968 0.1265625 0.05832
1 0.17312499999999997 0.6012800000000011 0.10625 0.048960000000000004
