0 0.403125 0.7955999999999953 0.01875 0.024
0 0.304296875 0.8533000000000027 0.0359375 0.046
0 0.20390625 0.5110000000000015 0.021875 0.028
0 0.33203125 0.939 0.046875 0.06
0 0.287109375 0.4605 0.0234375 0.03
0 0.599609375 0.31350000000000044 0.0296875 0.038
0 0.68203125 0.09099999999999996 0.021875 0.028
0 0.391015625 0.1325 0.0390625 0.05
1 0.9096874999999975 0.6333800000000024 0.1140625 0.052559999999999996
1 0.7093749999999981 0.4700400000000003 0.146875 0.06767999999999999
1 0.8328125 0.56896 0.134375 0.061919999999999996
1 0.35984374999999896 0.7237200000000042 0.0734375 0.033839999999999995
1 0.84140625 0.15044 0.2015625 0.09287999999999999
1 0.47890625000000064 0.7951599999999968 0.1265625 0.05832
1 0.17812499999999995 0.6044800000000011 0.10625 0.048960000000000004
