0 0.4 0.8003999999999953 0.01875 0.024
0 0.301171875 0.8625000000000027 0.0359375 0.046
0 0.20078125 0.5166000000000015 0.021875 0.028
0 0.33203125 0.951 0.046875 0.06
0 0.290234375 0.4665 0.0234375 0.03
0 0.602734375 0.3211000000000005 0.0296875 0.038
0 0.68515625 0.09659999999999995 0.021875 0.028
0 0.394140625 0.1425 0.0390625 0.05
1 0.9043749999999975 0.6367800000000025 0.1140625 0.052559999999999996
1 0.7024999999999981 0.46564000000000033 0.146875 0.06767999999999999
1 0.8265625 0.56496 0.134375 0.061919999999999996
1 0.36328124999999895 0.7259200000000042 0.0734375 0.033839999999999995
1 0.83203125 0.14443999999999999 0.2015625 0.09287999999999999
1 0.4848437500000006 0.7989599999999968 0.1265625 0.05832
1 0.18312499999999993 0.6076800000000012 0.10625 0.048960000000000004
