0 0.396875 0.8051999999999953 0.01875 0.024
0 0.298046875 0.8717000000000028 0.0359375 0.046
0 0.19765625 0.5222000000000014 0.021875 0.028
0 0.32890625 0.963 0.046875 0.06
0 0.293359375 0.4725 0.0234375 0.03
0 0.602734375 0.3287000000000005 0.0296875 0.038
0 0.68828125 0.10219999999999994 0.021875 0.028
0 0.397265625 0.1525 0.0390625 0.05
1 0.8990624999999973 0.6401800000000025 0.1140625 0.052559999999999996
1 0.6956249999999982 0.46124000000000037 0.146875 0.06767999999999999
1 0.8203125 0.56096 0.134375 0.061919999999999996
1 0.3667187499999989 0.7281200000000043 0.0734375 0.033839999999999995
1 0.82265625 0.13844 0.2015625 0.09287999999999999
1 0.4907812500000005 0.8027599999999967 0.1265625 0.05832
1 0.18812499999999993 0.6108800000000012 0.10625 0.048960000000000004
