0 0.39375 0.8099999999999953 0.01875 0.024
0 0.294921875 0.8809000000000028 0.0359375 0.046
0 0.19453125 0.5278000000000013 0.021875 0.028
0 0.32578125 0.975 0.046875 0.06
0 0.290234375 0.4785 0.0234375 0.03
0 0.599609375 0.33630000000000054 0.0296875 0.038
0 0.68828125 0.10779999999999994 0.021875 0.028
0 0.400390625 0.1625 0.0390625 0.05
1 0.8937499999999972 0.6435800000000027 0.1140625 0.052559999999999996
1 0.6887499999999982 0.45684000000000036 0.146875 0.06767999999999999
1 0.8140625 0.55696 0.134375 0.061919999999999996
1 0.3701562499999989 0.7303200000000044 0.0734375 0.033839999999999995
1 0.81328125 0.13244 0.2015625 0.09287999999999999
1 0.49671875000000043 0.8065599999999966 0.1265625 0.05832
1 0.1931249999999999 0.6140800000000013 0.10625 0.048960000000000004
