0 0.396875 0.8147999999999952 0.01875 0.024
0 0.291796875 0.8901000000000029 0.0359375 0.046
0 0.19140625 0.5334000000000012 0.021875 0.028
0 0.32265625 0.987 0.046875 0.06
0 0.287109375 0.4845 0.0234375 0.03
0 0.596484375 0.34390000000000054 0.0296875 0.038
0 0.68515625 0.11339999999999993 0.021875 0.028
0 0.403515625 0.1725 0.0390625 0.05
1 0.888437499999997 0.6469800000000028 0.1140625 0.052559999999999996
1 0.6818749999999982 0.4524400000000004 0.146875 0.06767999999999999
1 0.8078125 0.55296 0.134375 0.061919999999999996
1 0.3735937499999989 0.7325200000000044 0.0734375 0.033839999999999995
1 0.80390625 0.12644 0.2015625 0.09287999999999999
1 0.5026562500000004 0.8103599999999966 0.1265625 0.05832
1 0.19812499999999988 0.6172800000000014 0.10625 0.048960000000000004
