0 0.4 0.8195999999999951 0.01875 0.024
0 0.294921875 0.8993000000000029 0.0359375 0.046
0 0.18828125 0.5390000000000011 0.021875 0.028
0 0.31953125 0.999 0.046875 0.06
0 0.283984375 0.4905 0.0234375 0.03
0 0.593359375 0.3515000000000006 0.0296875 0.038
0 0.68203125 0.11899999999999993 0.021875 0.028
0 0.406640625 0.1825 0.0390625 0.05
1 0.8831249999999968 0.6503800000000028 0.1140625 0.052559999999999996
1 0.6749999999999983 0.44804000000000044 0.146875 0.06767999999999999
1 0.8015625 0.54896 0.134375 0.061919999999999996
1 0.3770312499999989 0.7347200000000045 0.0734375 0.033839999999999995
1 0.79453125 0.12043999999999999 0.2015625 0.09287999999999999
1 0.5085937500000003 0.8141599999999966 0.1265625 0.05832
1 0.20312499999999986 0.6204800000000014 0.10625 0.048960000000000004
