0 0.403125 0.8243999999999951 0.01875 0.024
0 0.298046875 0.908500000000003 0.0359375 0.046
0 0.18828125 0.5446000000000011 0.021875 0.028
0 0.31640625 1.011 0.046875 0.06
0 0.280859375 0.4965 0.0234375 0.03
0 0.590234375 0.3591000000000006 0.0296875 0.038
0 0.67890625 0.12459999999999992 0.021875 0.028
0 0.406640625 0.1925 0.0390625 0.05
1 0.8778124999999968 0.6537800000000029 0.1140625 0.052559999999999996
1 0.6681249999999983 0.4436400000000004 0.146875 0.06767999999999999
1 0.7953125 0.54496 0.134375 0.061919999999999996
1 0.38046874999999886 0.7369200000000045 0.0734375 0.033839999999999995
1 0.78515625 0.11444 0.2015625 0.09287999999999999
1 0.5145312500000002 0.8179599999999965 0.1265625 0.05832
1 0.20812499999999984 0.6236800000000015 0.10625 0.048960000000000004
