0 0.40625 0.829199999999995 0.01875 0.024
0 0.301171875 0.917700000000003 0.0359375 0.046
0 0.19140625 0.5502000000000009 0.021875 0.028
0 0.277734375 0.5025 0.0234375 0.03
0 0.587109375 0.36670000000000064 0.0296875 0.038
0 0.67578125 0.13019999999999993 0.021875 0.028
0 0.403515625 0.2025 0.0390625 0.05
1 0.8724999999999966 0.657180000000003 0.1140625 0.052559999999999996
1 0.6612499999999983 0.43924000000000046 0.146875 0.06767999999999999
1 0.7890625 0.54096 0.134375 0.061919999999999996
1 0.38390624999999884 0.7391200000000046 0.0734375 0.033839999999999995
1 0.77578125 0.10844 0.2015625 0.09287999999999999
1 0.5204687500000001 0.8217599999999965 0.1265625 0.05832
1 0.21312499999999984 0.6268800000000014 0.10625 0.048960000000000004
