0 0.409375 0.833999999999995 0.01875 0.024
0 0.304296875 0.926900000000003 0.0359375 0.046
0 0.19453125 0.5558000000000008 0.021875 0.028
0 0.274609375 0.5085 0.0234375 0.03
0 0.587109375 0.37430000000000063 0.0296875 0.038
0 0.400390625 0.2125 0.0390625 0.05
0 0.05703125 0.012600000000000002 0.021875 0.028
1 0.8671874999999964 0.6605800000000032 0.1140625 0.052559999999999996
1 0.6543749999999984 0.4348400000000005 0.146875 0.06767999999999999
1 0.7828125 0.53696 0.134375 0.061919999999999996
1 0.3873437499999988 0.7413200000000046 0.0734375 0.033839999999999995
1 0.76640625 0.10844 0.2015625 0.09287999999999999
1 0.5264062500000001 0.8255599999999964 0.1265625 0.05832
1 0.21812499999999982 0.6300800000000015 0.10625 0.048960000000000004
