0 0.4125 0.838799999999995 0.01875 0.024
0 0.307421875 0.936100000000003 0.0359375 0.046
0 0.19765625 0.5614000000000008 0.021875 0.028
0 0.277734375 0.5145 0.0234375 0.03
0 0.590234375 0.3819000000000007 0.0296875 0.038
0 0.397265625 0.2225 0.0390625 0.05
0 0.06015625 0.018200000000000004 0.021875 0.028
1 0.8618749999999963 0.6639800000000032 0.1140625 0.052559999999999996
1 0.6474999999999984 0.4304400000000005 0.146875 0.06767999999999999
1 0.7765625 0.53296 0.134375 0.061919999999999996
1 0.3907812499999988 0.7435200000000046 0.0734375 0.033839999999999995
1 0.75703125 0.11444 0.2015625 0.09287999999999999
1 0.53234375 0.8293599999999963 0.1265625 0.05832
1 0.2231249999999998 0.6332800000000016 0.10625 0.048960000000000004
