0 0.409375 0.8435999999999949 0.01875 0.024
0 0.310546875 0.9453000000000031 0.0359375 0.046
0 0.20078125 0.5670000000000007 0.021875 0.028
0 0.280859375 0.5205 0.0234375 0.03
0 0.593359375 0.3895000000000007 0.0296875 0.038
0 0.394140625 0.2325 0.0390625 0.05
0 0.06328125 0.0238 0.021875 0.028
1 0.8565624999999961 0.6673800000000033 0.1140625 0.052559999999999996
1 0.6406249999999984 0.42604000000000053 0.146875 0.06767999999999999
1 0.7703125 0.52896 0.134375 0.061919999999999996
1 0.3942187499999988 0.7457200000000047 0.0734375 0.033839999999999995
1 0.74765625 0.12043999999999999 0.2015625 0.09287999999999999
1 0.5382812499999999 0.8331599999999963 0.1265625 0.05832
1 0.22812499999999977 0.6364800000000016 0.10625 0.048960000000000004
