0 0.40625 0.8483999999999948 0.01875 0.024
0 0.307421875 0.9545000000000032 0.0359375 0.046
0 0.20390625 0.5726000000000006 0.021875 0.028
0 0.283984375 0.5265 0.0234375 0.03
0 0.391015625 0.2425 0.0390625 0.05
0 0.06640625 0.029400000000000003 0.021875 0.028
1 0.8512499999999964 0.6707800000000034 0.1140625 0.052559999999999996
1 0.6337499999999985 0.42164000000000057 0.146875 0.06767999999999999
1 0.7640625 0.52496 0.134375 0.061919999999999996
1 0.39765624999999877 0.7479200000000047 0.0734375 0.033839999999999995
1 0.73828125 0.12644 0.2015625 0.09287999999999999
1 0.5442187499999999 0.8369599999999963 0.1265625 0.05832
1 0.23312499999999975 0.6396800000000017 0.10625 0.048960000000000004
