0 0.403125 0.8531999999999949 0.01875 0.024
0 0.304296875 0.9637000000000032 0.0359375 0.046
0 0.20390625 0.5782000000000005 0.021875 0.028
0 0.287109375 0.5325 0.0234375 0.03
0 0.391015625 0.2525 0.0390625 0.05
0 0.06953125 0.035 0.021875 0.028
1 0.8459374999999962 0.6741800000000034 0.1140625 0.052559999999999996
1 0.6268749999999985 0.41724000000000055 0.146875 0.06767999999999999
1 0.7578125 0.5209600000000001 0.134375 0.061919999999999996
1 0.40109374999999875 0.7501200000000048 0.0734375 0.033839999999999995
1 0.72890625 0.13244 0.2015625 0.09287999999999999
1 0.5501562499999998 0.8407599999999963 0.1265625 0.05832
1 0.23812499999999975 0.6428800000000017 0.10625 0.048960000000000004
