0 0.4 0.8579999999999948 0.01875 0.024
0 0.301171875 0.9729000000000033 0.0359375 0.046
0 0.20078125 0.5838000000000004 0.021875 0.028
0 0.290234375 0.5385 0.0234375 0.03
0 0.394140625 0.2625 0.0390625 0.05
0 0.06953125 0.040600000000000004 0.021875 0.028
1 0.8406249999999964 0.6775800000000035 0.1140625 0.052559999999999996
1 0.6199999999999986 0.4128400000000006 0.146875 0.06767999999999999
1 0.7515625 0.5169600000000001 0.134375 0.061919999999999996
1 0.40453124999999873 0.7523200000000049 0.0734375 0.033839999999999995
1 0.71953125 0.13844 0.2015625 0.09287999999999999
1 0.5560937499999997 0.8445599999999962 0.1265625 0.05832
1 0.24312499999999973 0.6460800000000018 0.10625 0.048960000000000004
