0 0.396875 0.8627999999999947 0.01875 0.024
0 0.298046875 0.9821000000000033 0.0359375 0.046
0 0.19765625 0.5894000000000004 0.021875 0.028
0 0.293359375 0.5445 0.0234375 0.03
0 0.397265625 0.2725 0.0390625 0.05
0 0.06640625 0.0462 0.021875 0.028
1 0.8353124999999963 0.6809800000000037 0.1140625 0.052559999999999996
1 0.6131249999999986 0.40844000000000064 0.146875 0.06767999999999999
1 0.7453125 0.5129600000000001 0.134375 0.061919999999999996
1 0.4079687499999987 0.7545200000000049 0.0734375 0.033839999999999995
1 0.71015625 0.14443999999999999 0.2015625 0.09287999999999999
1 0.5620312499999996 0.8483599999999961 0.1265625 0.05832
1 0.2481249999999997 0.6492800000000017 0.10625 0.048960000000000004
