0 0.39375 0.8675999999999947 0.01875 0.024
0 0.294921875 0.9913000000000034 0.0359375 0.046
0 0.19453125 0.5950000000000002 0.021875 0.028
0 0.290234375 0.5505 0.0234375 0.03
0 0.400390625 0.2825 0.0390625 0.05
0 0.06328125 0.05179999999999999 0.021875 0.028
1 0.8299999999999965 0.6843800000000038 0.1140625 0.052559999999999996
1 0.6062499999999986 0.4040400000000006 0.146875 0.06767999999999999
1 0.7390625 0.50896 0.134375 0.061919999999999996
1 0.4114062499999987 0.7567200000000049 0.0734375 0.033839999999999995
1 0.70078125 0.15044 0.2015625 0.09287999999999999
1 0.5679687499999996 0.8521599999999961 0.1265625 0.05832
1 0.2531249999999997 0.6524800000000018 0.10625 0.048960000000000004
