0 0.396875 0.8723999999999946 0.01875 0.024
0 0.291796875 1.0005000000000035 0.0359375 0.046
0 0.19140625 0.6006000000000001 0.021875 0.028
0 0.287109375 0.5565 0.0234375 0.03
0 0.403515625 0.2925 0.0390625 0.05
0 0.06015625 0.057399999999999986 0.021875 0.028
1 0.8246874999999964 0.6877800000000038 0.1140625 0.052559999999999996
1 0.5993749999999987 0.39964000000000066 0.146875 0.06767999999999999
1 0.7328125 0.50496 0.134375 0.061919999999999996
1 0.4148437499999987 0.7589200000000049 0.0734375 0.033839999999999995
1 0.69140625 0.15644 0.2015625 0.09287999999999999
1 0.5739062499999995 0.8559599999999961 0.1265625 0.05832
1 0.25812499999999966 0.6556800000000019 0.10625 0.048960000000000004
