0 0.4 0.8771999999999945 0.01875 0.024
0 0.294921875 1.0097000000000034 0.0359375 0.046
0 0.18828125 0.6062000000000001 0.021875 0.028
0 0.283984375 0.5625 0.0234375 0.03
0 0.406640625 0.3025 0.0390625 0.05
0 0.05703125 0.06299999999999997 0.021875 0.028
1 0.8193749999999966 0.6911800000000039 0.1140625 0.052559999999999996
1 0.5924999999999987 0.3952400000000007 0.146875 0.06767999999999999
1 0.7265625 0.50096 0.134375 0.061919999999999996
1 0.41828124999999866 0.761120000000005 0.0734375 0.033839999999999995
1 0.68203125 0.16244 0.2015625 0.09287999999999999
1 0.5798437499999994 0.859759999999996 0.1265625 0.05832
1 0.26312499999999966 0.6588800000000019 0.10625 0.048960000000000004
