0 0.403125 0.8819999999999946 0.01875 0.024
0 0.18828125 0.6117999999999999 0.021875 0.028
0 0.280859375 0.5685 0.0234375 0.03
0 0.406640625 0.3125 0.0390625 0.05
0 0.05390625 0.06859999999999997 0.021875 0.028
1 0.8140624999999965 0.694580000000004 0.1140625 0.052559999999999996
1 0.5856249999999987 0.3908400000000007 0.146875 0.06767999999999999
1 0.7203125 0.49695999999999996 0.134375 0.061919999999999996
1 0.42171874999999864 0.7633200000000051 0.0734375 0.033839999999999995
1 0.67265625 0.16844 0.2015625 0.09287999999999999
1 0.5857812499999994 0.863559999999996 0.1265625 0.05832
1 0.2681249999999996 0.662080000000002 0.10625 0.048960000000000004
