0 0.40625 0.8867999999999945 0.01875 0.024
0 0.19140625 0.6173999999999998 0.021875 0.028
0 0.277734375 0.5745 0.0234375 0.03
0 0.403515625 0.3225 0.0390625 0.05
0 0.05390625 0.07419999999999997 0.021875 0.028
1 0.8087499999999966 0.6979800000000042 0.1140625 0.052559999999999996
1 0.5787499999999988 0.3864400000000007 0.146875 0.06767999999999999
1 0.7140625 0.49295999999999995 0.134375 0.061919999999999996
1 0.4251562499999986 0.7655200000000051 0.0734375 0.033839999999999995
1 0.66328125 0.17443999999999998 0.2015625 0.09287999999999999
1 0.5917187499999993 0.8673599999999959 0.1265625 0.05832
1 0.2731249999999996 0.665280000000002 0.10625 0.048960000000000004
