0 0.409375 0.8915999999999944 0.01875 0.024
0 0.19453125 0.6229999999999998 0.021875 0.028
0 0.274609375 0.5805 0.0234375 0.03
0 0.400390625 0.3325 0.0390625 0.05
0 0.05703125 0.07979999999999997 0.021875 0.028
1 0.8034374999999965 0.7013800000000042 0.1140625 0.052559999999999996
1 0.5718749999999988 0.38204000000000077 0.146875 0.06767999999999999
1 0.7078125 0.48896 0.134375 0.061919999999999996
1 0.4285937499999986 0.7677200000000052 0.0734375 0.033839999999999995
1 0.65390625 0.18044 0.2015625 0.09287999999999999
1 0.5976562499999992 0.863559999999996 0.1265625 0.05832
1 0.2781249999999996 0.6684800000000021 0.10625 0.048960000000000004
