0 0.4125 0.8963999999999944 0.01875 0.024
0 0.19765625 0.6285999999999997 0.021875 0.028
0 0.277734375 0.5865 0.0234375 0.03
0 0.397265625 0.3425 0.0390625 0.05
0 0.06015625 0.08539999999999996 0.021875 0.028
1 0.7981249999999966 0.7047800000000043 0.1140625 0.052559999999999996
1 0.5649999999999988 0.3776400000000008 0.146875 0.06767999999999999
1 0.7015625 0.48496 0.134375 0.061919999999999996
1 0.4320312499999986 0.7699200000000052 0.0734375 0.033839999999999995
1 0.64453125 0.18644 0.2015625 0.09287999999999999
1 0.6035937499999992 0.859759999999996 0.1265625 0.05832
1 0.28312499999999957 0.6716800000000022 0.10625 0.048960000000000004
