0 0.409375 0.9011999999999943 0.01875 0.024
0 0.20078125 0.6341999999999995 0.021875 0.028
0 0.280859375 0.5925 0.0234375 0.03
0 0.394140625 0.3525 0.0390625 0.05
0 0.06328125 0.09099999999999996 0.021875 0.028
1 0.7928124999999967 0.7081800000000044 0.1140625 0.052559999999999996
1 0.5581249999999989 0.3732400000000008 0.146875 0.06767999999999999
1 0.6953125 0.48096 0.134375 0.061919999999999996
1 0.4354687499999986 0.7721200000000052 0.0734375 0.033839999999999995
1 0.63515625 0.19244 0.2015625 0.09287999999999999
1 0.6095312499999991 0.8559599999999961 0.1265625 0.05832
1 0.2881249999999996 0.6748800000000021 0.10625 0.048960000000000004
