0 0.40625 0.9059999999999944 0.01875 0.024
0 0.20390625 0.6397999999999995 0.021875 0.028
0 0.283984375 0.5985 0.0234375 0.03
0 0.391015625 0.3625 0.0390625 0.05
0 0.06640625 0.09659999999999995 0.021875 0.028
1 0.7874999999999968 0.7115800000000044 0.1140625 0.052559999999999996
1 0.5512499999999989 0.36884000000000083 0.146875 0.06767999999999999
1 0.6890625 0.47696 0.134375 0.061919999999999996
1 0.4389062499999986 0.7743200000000052 0.0734375 0.033839999999999995
1 0.62578125 0.19844 0.2015625 0.09287999999999999
1 0.615468749999999 0.8521599999999961 0.1265625 0.05832
1 0.2931249999999995 0.6780800000000022 0.10625 0.048960000000000004
