0 0.403125 0.9107999999999943 0.01875 0.024
0 0.20390625 0.6453999999999994 0.021875 0.028
0 0.287109375 0.6045 0.0234375 0.03
0 0.391015625 0.3725 0.0390625 0.05
0 0.06953125 0.10219999999999994 0.021875 0.028
1 0.7821874999999967 0.7149800000000046 0.1140625 0.052559999999999996
1 0.5443749999999989 0.3644400000000009 0.146875 0.06767999999999999
1 0.6828125 0.47296 0.134375 0.061919999999999996
1 0.4423437499999987 0.7765200000000053 0.0734375 0.033839999999999995
1 0.61640625 0.20444 0.2015625 0.09287999999999999
1 0.6214062499999989 0.8483599999999961 0.1265625 0.05832
1 0.29812499999999953 0.6812800000000022 0.10625 0.048960000000000004
