0 0.4 0.9155999999999942 0.01875 0.024
0 0.20078125 0.6509999999999994 0.021875 0.028
0 0.290234375 0.6105 0.0234375 0.03
0 0.394140625 0.3825 0.0390625 0.05
0 0.06953125 0.10779999999999994 0.021875 0.028
1 0.7768749999999968 0.7183800000000047 0.1140625 0.052559999999999996
1 0.537499999999999 0.36004000000000086 0.146875 0.06767999999999999
1 0.6765625 0.46896 0.134375 0.061919999999999996
1 0.4457812499999988 0.7787200000000054 0.0734375 0.033839999999999995
1 0.60703125 0.21044 0.2015625 0.09287999999999999
1 0.6273437499999989 0.8445599999999962 0.1265625 0.05832
1 0.30312499999999953 0.6844800000000023 0.10625 0.048960000000000004
