0 0.396875 0.9203999999999942 0.01875 0.024
0 0.19765625 0.6565999999999992 0.021875 0.028
0 0.293359375 0.6165 0.0234375 0.03
0 0.397265625 0.3925 0.0390625 0.05
0 0.06640625 0.11339999999999993 0.021875 0.028
1 0.7715624999999968 0.7217800000000048 0.1140625 0.052559999999999996
1 0.530624999999999 0.3556400000000009 0.146875 0.06767999999999999
1 0.6703125 0.46496 0.134375 0.061919999999999996
1 0.44921874999999883 0.7809200000000054 0.0734375 0.033839999999999995
1 0.59765625 0.21644 0.2015625 0.09287999999999999
1 0.6332812499999988 0.8407599999999963 0.1265625 0.05832
1 0.3081249999999995 0.6876800000000023 0.10625 0.048960000000000004
