0 0.39375 0.9251999999999941 0.01875 0.024
0 0.19453125 0.6621999999999991 0.021875 0.028
0 0.290234375 0.6225 0.0234375 0.03
0 0.400390625 0.4025 0.0390625 0.05
0 0.06328125 0.11899999999999993 0.021875 0.028
1 0.7662499999999969 0.7251800000000048 0.1140625 0.052559999999999996
1 0.523749999999999 0.35124000000000094 0.146875 0.06767999999999999
1 0.6640625 0.46096 0.134375 0.061919999999999996
1 0.4526562499999989 0.7831200000000055 0.0734375 0.033839999999999995
1 0.58828125 0.22244 0.2015625 0.09287999999999999
1 0.6392187499999987 0.8369599999999963 0.1265625 0.05832
1 0.3131249999999995 0.6908800000000024 0.10625 0.048960000000000004
