0 0.396875 0.929999999999994 0.01875 0.024
0 0.19140625 0.6677999999999991 0.021875 0.028
0 0.287109375 0.6285 0.0234375 0.03
0 0.68515625 0.24780000000000038 0.021875 0.028
0 0.403515625 0.4125 0.0390625 0.05
0 0.06015625 0.12459999999999992 0.021875 0.028
1 0.7609374999999969 0.7285800000000049 0.1140625 0.052559999999999996
1 0.5168749999999991 0.3468400000000009 0.146875 0.06767999999999999
1 0.6578125 0.45696 0.134375 0.061919999999999996
1 0.45609374999999897 0.7853200000000055 0.0734375 0.033839999999999995
1 0.57890625 0.22844 0.2015625 0.09287999999999999
1 0.6451562499999987 0.8331599999999963 0.1265625 0.05832
1 0.31812499999999944 0.6940800000000025 0.10625 0.048960000000000004
