0 0.4 0.9347999999999941 0.01875 0.024
0 0.18828125 0.673399999999999 0.021875 0.028
0 0.283984375 0.6345 0.0234375 0.03
0 0.68203125 0.2534000000000004 0.021875 0.028
0 0.406640625 0.4225 0.0390625 0.05
0 0.05703125 0.13019999999999993 0.021875 0.028
1 0.7556249999999969 0.7319800000000051 0.1140625 0.052559999999999996
1 0.5099999999999991 0.34244000000000097 0.146875 0.06767999999999999
1 0.6515625 0.45296 0.134375 0.061919999999999996
1 0.45953124999999906 0.7875200000000055 0.0734375 0.033839999999999995
1 0.56953125 0.23444 0.2015625 0.09287999999999999
1 0.6510937499999986 0.8293599999999963 0.1265625 0.05832
1 0.32312499999999944 0.6972800000000025 0.10625 0.048960000000000004
