0 0.403125 0.939599999999994 0.01875 0.024
0 0.18828125 0.6789999999999988 0.021875 0.028
0 0.280859375 0.6405 0.0234375 0.03
0 0.67890625 0.25900000000000045 0.021875 0.028
0 0.406640625 0.4325 0.0390625 0.05
0 0.05390625 0.13579999999999992 0.021875 0.028
1 0.7503124999999969 0.7353800000000051 0.1140625 0.052559999999999996
1 0.5031249999999992 0.338040000000001 0.146875 0.06767999999999999
1 0.6453125 0.44895999999999997 0.134375 0.061919999999999996
1 0.46296874999999915 0.7897200000000056 0.0734375 0.033839999999999995
1 0.56015625 0.24044 0.2015625 0.09287999999999999
1 0.6570312499999985 0.8255599999999964 0.1265625 0.05832
1 0.32812499999999944 0.7004800000000025 0.10625 0.048960000000000004
