0 0.40625 0.9443999999999939 0.01875 0.024
0 0.19140625 0.6845999999999988 0.021875 0.028
0 0.277734375 0.6465 0.0234375 0.03
0 0.67578125 0.26460000000000045 0.021875 0.028
0 0.403515625 0.4425 0.0390625 0.05
0 0.05390625 0.14139999999999994 0.021875 0.028
1 0.744999999999997 0.7387800000000052 0.1140625 0.052559999999999996
1 0.49624999999999914 0.333640000000001 0.146875 0.06767999999999999
1 0.6390625 0.44495999999999997 0.134375 0.061919999999999996
1 0.4664062499999992 0.7919200000000056 0.0734375 0.033839999999999995
1 0.55078125 0.24644 0.2015625 0.09287999999999999
1 0.6629687499999984 0.8217599999999965 0.1265625 0.05832
1 0.3331249999999994 0.7036800000000025 0.10625 0.048960000000000004
