0 0.409375 0.9491999999999939 0.01875 0.024
0 0.19453125 0.6901999999999987 0.021875 0.028
0 0.274609375 0.6525 0.0234375 0.03
0 0.67265625 0.27020000000000044 0.021875 0.028
0 0.400390625 0.4525 0.0390625 0.05
0 0.05703125 0.14699999999999996 0.021875 0.028
1 0.7396874999999971 0.7421800000000053 0.1140625 0.052559999999999996
1 0.48937499999999917 0.32924000000000103 0.146875 0.06767999999999999
1 0.6328125 0.44095999999999996 0.134375 0.061919999999999996
1 0.4698437499999993 0.7919200000000056 0.0734375 0.033839999999999995
1 0.54140625 0.25244 0.2015625 0.09287999999999999
1 0.6689062499999984 0.8179599999999965 0.1265625 0.05832
1 0.3381249999999994 0.7068800000000026 0.10625 0.048960000000000004
