0 0.4125 0.9539999999999939 0.01875 0.024
0 0.19765625 0.6957999999999986 0.021875 0.028
0 0.277734375 0.6585 0.0234375 0.03
0 0.67265625 0.2758000000000005 0.021875 0.028
0 0.397265625 0.4625 0.0390625 0.05
0 0.06015625 0.15259999999999999 0.021875 0.028
1 0.7343749999999971 0.7455800000000053 0.1140625 0.052559999999999996
1 0.4824999999999992 0.3248400000000011 0.146875 0.06767999999999999
1 0.6265625 0.43695999999999996 0.134375 0.061919999999999996
1 0.4732812499999993 0.7897200000000056 0.0734375 0.033839999999999995
1 0.53203125 0.25844 0.2015625 0.09287999999999999
1 0.6748437499999983 0.8141599999999966 0.1265625 0.05832
1 0.34312499999999935 0.7100800000000027 0.10625 0.048960000000000004
