0 0.409375 0.9587999999999938 0.01875 0.024
0 0.20078125 0.7013999999999985 0.021875 0.028
0 0.280859375 0.6645 0.0234375 0.03
0 0.67578125 0.2814000000000005 0.021875 0.028
0 0.394140625 0.4725 0.0390625 0.05
0 0.06328125 0.1582 0.021875 0.028
1 0.7290624999999971 0.7489800000000055 0.1140625 0.052559999999999996
1 0.47562499999999924 0.32044000000000106 0.146875 0.06767999999999999
1 0.6203125 0.43295999999999996 0.134375 0.061919999999999996
1 0.4767187499999994 0.7875200000000055 0.0734375 0.033839999999999995
1 0.52265625 0.26444 0.2015625 0.09287999999999999
1 0.6807812499999982 0.8103599999999966 0.1265625 0.05832
1 0.34812499999999935 0.7132800000000027 0.10625 0.048960000000000004
