0 0.40625 0.9635999999999938 0.01875 0.024
0 0.20390625 0.7069999999999984 0.021875 0.028
0 0.283984375 0.6705 0.0234375 0.03
0 0.67890625 0.28700000000000053 0.021875 0.028
0 0.391015625 0.4825 0.0390625 0.05
0 0.06640625 0.16380000000000003 0.021875 0.028
0 0.545703125 0.015300000000000001 0.0265625 0.034
1 0.7237499999999971 0.7523800000000056 0.1140625 0.052559999999999996
1 0.4687499999999993 0.3160400000000011 0.146875 0.06767999999999999
1 0.6140625 0.42895999999999995 0.134375 0.061919999999999996
1 0.4801562499999995 0.7853200000000055 0.0734375 0.033839999999999995
1 0.51328125 0.27044 0.2015625 0.09287999999999999
1 0.6867187499999982 0.8065599999999966 0.1265625 0.05832
1 0.35312499999999936 0.7164800000000028 0.10625 0.048960000000000004
