0 0.403125 0.9683999999999937 0.01875 0.024
0 0.20390625 0.7125999999999983 0.021875 0.028
0 0.287109375 0.6765 0.0234375 0.03
0 0.68203125 0.2926000000000005 0.021875 0.028
0 0.391015625 0.4925 0.0390625 0.05
0 0.06953125 0.16940000000000005 0.021875 0.028
0 0.548828125 0.0221 0.0265625 0.034
1 0.7184374999999972 0.7557800000000057 0.1140625 0.052559999999999996
1 0.4618749999999993 0.31164000000000114 0.146875 0.06767999999999999
1 0.6078125 0.42496 0.134375 0.061919999999999996
1 0.48359374999999954 0.7831200000000055 0.0734375 0.033839999999999995
1 0.50390625 0.27644 0.2015625 0.09287999999999999
1 0.6926562499999981 0.8027599999999967 0.1265625 0.05832
1 0.3581249999999993 0.7196800000000028 0.10625 0.048960000000000004
