0 0.4 0.9731999999999936 0.01875 0.024
0 0.20078125 0.7181999999999982 0.021875 0.028
0 0.290234375 0.6825 0.0234375 0.03
0 0.68515625 0.2982000000000006 0.021875 0.028
0 0.394140625 0.5025 0.0390625 0.05
0 0.06953125 0.17500000000000007 0.021875 0.028
0 0.551953125 0.0289 0.0265625 0.034
1 0.7131249999999972 0.7591800000000057 0.1140625 0.052559999999999996
1 0.45499999999999935 0.3072400000000011 0.146875 0.06767999999999999
1 0.6015625 0.42096 0.134375 0.061919999999999996
1 0.48703124999999964 0.7809200000000054 0.0734375 0.033839999999999995
1 0.49453125 0.28244 0.2015625 0.09287999999999999
1 0.698593749999998 0.7989599999999968 0.1265625 0.05832
1 0.3631249999999993 0.7228800000000029 0.10625 0.048960000000000004
