0 0.396875 0.9779999999999937 0.01875 0.024
0 0.19765625 0.7237999999999981 0.021875 0.028
0 0.293359375 0.6885 0.0234375 0.03
0 0.68828125 0.30380000000000057 0.021875 0.028
0 0.397265625 0.5125 0.0390625 0.05
0 0.06640625 0.18060000000000012 0.021875 0.028
0 0.555078125 0.035699999999999996 0.0265625 0.034
1 0.7078124999999973 0.7625800000000058 0.1140625 0.052559999999999996
1 0.4481249999999994 0.30284000000000116 0.146875 0.06767999999999999
1 0.5953125 0.41696 0.134375 0.061919999999999996
1 0.4904687499999997 0.7787200000000054 0.0734375 0.033839999999999995
1 0.48515625 0.28844 0.2015625 0.09287999999999999
1 0.7045312499999979 0.7951599999999968 0.1265625 0.05832
1 0.36812499999999926 0.7260800000000028 0.10625 0.048960000000000004
