0 0.39375 0.9827999999999936 0.01875 0.024
0 0.19453125 0.729399999999998 0.021875 0.028
0 0.290234375 0.6945 0.0234375 0.03
0 0.68828125 0.3094000000000006 0.021875 0.028
0 0.400390625 0.5225 0.0390625 0.05
0 0.06328125 0.18620000000000014 0.021875 0.028
0 0.558203125 0.042499999999999996 0.0265625 0.034
1 0.7024999999999972 0.7659800000000059 0.1140625 0.052559999999999996
1 0.4412499999999994 0.2984400000000012 0.146875 0.06767999999999999
1 0.5890625 0.41296 0.134375 0.061919999999999996
1 0.49390624999999977 0.7765200000000053 0.0734375 0.033839999999999995
1 0.47578125 0.29444 0.2015625 0.09287999999999999
1 0.7104687499999979 0.7913599999999968 0.1265625 0.05832
1 0.37312499999999926 0.7292800000000029 0.10625 0.048960000000000004
