0 0.396875 0.9875999999999936 0.01875 0.024
0 0.19140625 0.734999999999998 0.021875 0.028
0 0.287109375 0.7005 0.0234375 0.03
0 0.68515625 0.3150000000000006 0.021875 0.028
0 0.403515625 0.5325 0.0390625 0.05
0 0.06015625 0.19180000000000016 0.021875 0.028
0 0.558203125 0.04929999999999999 0.0265625 0.034
1 0.6971874999999973 0.7693800000000061 0.1140625 0.052559999999999996
1 0.43437499999999946 0.2940400000000012 0.146875 0.06767999999999999
1 0.5828125 0.40896 0.134375 0.061919999999999996
1 0.49734374999999986 0.7743200000000052 0.0734375 0.033839999999999995
1 0.46640625 0.30044 0.2015625 0.09287999999999999
1 0.7164062499999978 0.7875599999999969 0.1265625 0.05832
1 0.37812499999999927 0.732480000000003 0.10625 0.048960000000000004
