0 0.4 0.9923999999999935 0.01875 0.024
0 0.18828125 0.7405999999999978 0.021875 0.028
0 0.283984375 0.7065 0.0234375 0.03
0 0.68203125 0.32060000000000066 0.021875 0.028
0 0.406640625 0.5425 0.0390625 0.05
0 0.05703125 0.1974000000000002 0.021875 0.028
0 0.555078125 0.05609999999999999 0.0265625 0.034
1 0.6918749999999974 0.7727800000000061 0.1140625 0.052559999999999996
1 0.4274999999999995 0.28964000000000123 0.146875 0.06767999999999999
1 0.5765625 0.40496 0.134375 0.061919999999999996
1 0.50078125 0.7721200000000052 0.0734375 0.033839999999999995
1 0.45703125 0.30644 0.2015625 0.09287999999999999
1 0.7223437499999977 0.7837599999999969 0.1265625 0.05832
1 0.3831249999999992 0.735680000000003 0.10625 0.048960000000000004
