0 0.403125 0.9971999999999934 0.01875 0.024
0 0.18828125 0.7461999999999978 0.021875 0.028
0 0.280859375 0.7125 0.0234375 0.03
0 0.67890625 0.32620000000000066 0.021875 0.028
0 0.406640625 0.5525 0.0390625 0.05
0 0.05390625 0.2030000000000002 0.021875 0.028
0 0.551953125 0.06289999999999998 0.0265625 0.034
1 0.6865624999999974 0.7761800000000062 0.1140625 0.052559999999999996
1 0.4206249999999995 0.28524000000000127 0.146875 0.06767999999999999
1 0.5703125 0.40096 0.134375 0.061919999999999996
1 0.5042187499999999 0.7699200000000052 0.0734375 0.033839999999999995
1 0.44765625 0.31244 0.2015625 0.09287999999999999
1 0.7282812499999977 0.779959999999997 0.1265625 0.05832
1 0.3881249999999992 0.7388800000000031 0.10625 0.048960000000000004
