0 0.40625 1.0019999999999933 0.01875 0.024
0 0.19140625 0.7517999999999977 0.021875 0.028
0 0.277734375 0.7185 0.0234375 0.03
0 0.67578125 0.3318000000000007 0.021875 0.028
0 0.403515625 0.5625 0.0390625 0.05
0 0.05390625 0.20860000000000023 0.021875 0.028
0 0.548828125 0.06969999999999998 0.0265625 0.034
1 0.6812499999999975 0.7795800000000063 0.1140625 0.052559999999999996
1 0.41374999999999956 0.28084000000000126 0.146875 0.06767999999999999
1 0.5640625 0.39696 0.134375 0.061919999999999996
1 0.50765625 0.7677200000000052 0.0734375 0.033839999999999995
1 0.43828125 0.31844 0.2015625 0.09287999999999999
1 0.7342187499999976 0.776159999999997 0.1265625 0.05832
1 0.39312499999999917 0.7420800000000031 0.10625 0.048960000000000004
