0 0.19453125 0.7573999999999976 0.021875 0.028
0 0.274609375 0.7245 0.0234375 0.03
0 0.67265625 0.3374000000000007 0.021875 0.028
0 0.400390625 0.5725 0.0390625 0.05
0 0.05703125 0.21420000000000025 0.021875 0.028
0 0.545703125 0.07649999999999998 0.0265625 0.034
1 0.6759374999999974 0.7829800000000063 0.1140625 0.052559999999999996
1 0.4068749999999996 0.2764400000000013 0.146875 0.06767999999999999
1 0.5578125 0.39296 0.134375 0.061919999999999996
1 0.5110937500000001 0.7655200000000051 0.0734375 0.033839999999999995
1 0.42890625 0.32444 0.2015625 0.09287999999999999
1 0.7401562499999975 0.772359999999997 0.1265625 0.05832
1 0.3981249999999992 0.7452800000000032 0.10625 0.048960000000000004
