0 0.19765625 0.7629999999999975 0.021875 0.028
0 0.277734375 0.7305 0.0234375 0.03
0 0.67265625 0.34300000000000075 0.021875 0.028
0 0.397265625 0.5825 0.0390625 0.05
0 0.06015625 0.21980000000000027 0.021875 0.028
0 0.542578125 0.0833 0.0265625 0.034
1 0.6706249999999975 0.7863800000000065 0.1140625 0.052559999999999996
1 0.39999999999999963 0.27204000000000134 0.146875 0.06767999999999999
1 0.5515625 0.38896 0.134375 0.061919999999999996
1 0.5145312500000002 0.7633200000000051 0.0734375 0.033839999999999995
1 0.41953125 0.33044 0.2015625 0.09287999999999999
1 0.7460937499999974 0.7685599999999971 0.1265625 0.05832
1 0.4031249999999991 0.7484800000000033 0.10625 0.048960000000000004
