0 0.20078125 0.7685999999999974 0.021875 0.028
0 0.280859375 0.7365 0.0234375 0.03
0 0.67578125 0.34860000000000074 0.021875 0.028
0 0.394140625 0.5925 0.0390625 0.05
0 0.06328125 0.2254000000000003 0.021875 0.028
0 0.542578125 0.09010000000000001 0.0265625 0.034
1 0.6653124999999975 0.7897800000000066 0.1140625 0.052559999999999996
1 0.39312499999999967 0.2676400000000014 0.146875 0.06767999999999999
1 0.5453125 0.38495999999999997 0.134375 0.061919999999999996
1 0.5179687500000003 0.761120000000005 0.0734375 0.033839999999999995
1 0.41015625 0.33644 0.2015625 0.09287999999999999
1 0.7520312499999974 0.7647599999999971 0.1265625 0.05832
1 0.4081249999999992 0.7516800000000032 0.10625 0.048960000000000004
