0 0.20390625 0.7741999999999973 0.021875 0.028
0 0.283984375 0.7425 0.0234375 0.03
0 0.67890625 0.3542000000000008 0.021875 0.028
0 0.391015625 0.6025 0.0390625 0.05
0 0.06640625 0.23100000000000032 0.021875 0.028
0 0.545703125 0.09690000000000001 0.0265625 0.034
1 0.6599999999999976 0.7931800000000067 0.1140625 0.052559999999999996
1 0.3862499999999997 0.26324000000000136 0.146875 0.06767999999999999
1 0.5390625 0.38095999999999997 0.134375 0.061919999999999996
1 0.5214062500000003 0.7589200000000049 0.0734375 0.033839999999999995
1 0.40078125 0.34244 0.2015625 0.09287999999999999
1 0.7579687499999973 0.7609599999999972 0.1265625 0.05832
1 0.4131249999999991 0.7548800000000033 0.10625 0.048960000000000004
