0 0.20390625 0.7797999999999973 0.021875 0.028
0 0.287109375 0.7485 0.0234375 0.03
0 0.68203125 0.3598000000000008 0.021875 0.028
0 0.391015625 0.6125 0.0390625 0.05
0 0.06953125 0.23660000000000034 0.021875 0.028
0 0.548828125 0.10370000000000003 0.0265625 0.034
1 0.6546874999999976 0.7965800000000067 0.1140625 0.052559999999999996
1 0.37937499999999974 0.2588400000000014 0.146875 0.06767999999999999
1 0.5328125 0.37695999999999996 0.134375 0.061919999999999996
1 0.5248437500000004 0.7567200000000049 0.0734375 0.033839999999999995
1 0.39140625 0.34843999999999997 0.2015625 0.09287999999999999
1 0.7639062499999972 0.7571599999999973 0.1265625 0.05832
1 0.41812499999999914 0.7580800000000033 0.10625 0.048960000000000004
