0 0.20078125 0.7853999999999971 0.021875 0.028
0 0.290234375 0.7545 0.0234375 0.03
0 0.68515625 0.36540000000000084 0.021875 0.028
0 0.394140625 0.6225 0.0390625 0.05
0 0.06953125 0.24220000000000036 0.021875 0.028
0 0.551953125 0.11050000000000004 0.0265625 0.034
1 0.6493749999999976 0.7999800000000068 0.1140625 0.052559999999999996
1 0.3724999999999998 0.25444000000000144 0.146875 0.06767999999999999
1 0.5265625 0.37295999999999996 0.134375 0.061919999999999996
1 0.5282812500000005 0.7545200000000049 0.0734375 0.033839999999999995
1 0.38203125 0.35444 0.2015625 0.09287999999999999
1 0.7698437499999972 0.7533599999999973 0.1265625 0.05832
1 0.42312499999999903 0.7612800000000034 0.10625 0.048960000000000004
