0 0.19765625 0.790999999999997 0.021875 0.028
0 0.293359375 0.7605 0.0234375 0.03
0 0.68828125 0.37100000000000083 0.021875 0.028
0 0.397265625 0.6325 0.0390625 0.05
0 0.06640625 0.24780000000000038 0.021875 0.028
0 0.555078125 0.11730000000000006 0.0265625 0.034
1 0.6440624999999977 0.803380000000007 0.1140625 0.052559999999999996
1 0.3656249999999998 0.2500400000000015 0.146875 0.06767999999999999
1 0.5203125 0.36895999999999995 0.134375 0.061919999999999996
1 0.5317187500000006 0.7523200000000049 0.0734375 0.033839999999999995
1 0.37265625 0.36044 0.2015625 0.09287999999999999
1 0.7757812499999971 0.7495599999999973 0.1265625 0.05832
1 0.4281249999999991 0.7644800000000034 0.10625 0.048960000000000004
