0 0.19453125 0.796599999999997 0.021875 0.028
0 0.290234375 0.7665 0.0234375 0.03
0 0.68828125 0.3766000000000009 0.021875 0.028
0 0.400390625 0.6425 0.0390625 0.05
0 0.06328125 0.2534000000000004 0.021875 0.028
0 0.558203125 0.12410000000000007 0.0265625 0.034
1 0.6387499999999977 0.806780000000007 0.1140625 0.052559999999999996
1 0.35874999999999985 0.2456400000000015 0.146875 0.06767999999999999
1 0.5140625 0.36496 0.134375 0.061919999999999996
1 0.5351562500000007 0.7501200000000048 0.0734375 0.033839999999999995
1 0.36328125 0.36644 0.2015625 0.09287999999999999
1 0.781718749999997 0.7457599999999974 0.1265625 0.05832
1 0.433124999999999 0.7676800000000035 0.10625 0.048960000000000004
