0 0.19140625 0.8021999999999969 0.021875 0.028
0 0.287109375 0.7725 0.0234375 0.03
0 0.68515625 0.3822000000000009 0.021875 0.028
0 0.403515625 0.6525 0.0390625 0.05
0 0.06015625 0.25900000000000045 0.021875 0.028
0 0.558203125 0.1309000000000001 0.0265625 0.034
1 0.6334374999999978 0.8101800000000071 0.1140625 0.052559999999999996
1 0.3518749999999999 0.2412400000000015 0.146875 0.06767999999999999
1 0.5078125 0.36096 0.134375 0.061919999999999996
1 0.5385937500000006 0.7479200000000047 0.0734375 0.033839999999999995
1 0.35390625 0.37244 0.2015625 0.09287999999999999
1 0.787656249999997 0.7419599999999974 0.1265625 0.05832
1 0.4381249999999991 0.7708800000000036 0.10625 0.048960000000000004
