0 0.18828125 0.8077999999999967 0.021875 0.028
0 0.283984375 0.7785 0.0234375 0.03
0 0.68203125 0.3878000000000009 0.021875 0.028
0 0.406640625 0.6625 0.0390625 0.05
0 0.05703125 0.26460000000000045 0.021875 0.028
0 0.555078125 0.13770000000000007 0.0265625 0.034
0 0.719921875 0.013300000000000001 0.0296875 0.038
1 0.6281249999999978 0.8135800000000072 0.1140625 0.052559999999999996
1 0.3449999999999999 0.23684000000000155 0.146875 0.06767999999999999
1 0.5015625 0.35696 0.134375 0.061919999999999996
1 0.5420312500000007 0.7457200000000047 0.0734375 0.033839999999999995
1 0.34453125 0.37844 0.2015625 0.09287999999999999
1 0.7935937499999969 0.7381599999999975 0.1265625 0.05832
1 0.443124999999999 0.7740800000000035 0.10625 0.048960000000000004
