0 0.18828125 0.8133999999999967 0.021875 0.028
0 0.280859375 0.7845 0.0234375 0.03
0 0.67890625 0.39340000000000097 0.021875 0.028
0 0.406640625 0.6725 0.0390625 0.05
0 0.05390625 0.27020000000000044 0.021875 0.028
0 0.551953125 0.14450000000000007 0.0265625 0.034
0 0.723046875 0.0209 0.0296875 0.038
1 0.6228124999999978 0.8169800000000073 0.1140625 0.052559999999999996
1 0.33812499999999995 0.23244000000000156 0.146875 0.06767999999999999
1 0.4953125 0.35296 0.134375 0.061919999999999996
1 0.5454687500000008 0.7435200000000046 0.0734375 0.033839999999999995
1 0.33515625 0.38444 0.2015625 0.09287999999999999
1 0.7995312499999968 0.7343599999999975 0.1265625 0.05832
1 0.44812499999999905 0.7772800000000036 0.10625 0.048960000000000004
