0 0.19140625 0.8189999999999966 0.021875 0.028
0 0.277734375 0.7905 0.0234375 0.03
0 0.67578125 0.39900000000000097 0.021875 0.028
0 0.403515625 0.6825 0.0390625 0.05
0 0.05390625 0.2758000000000005 0.021875 0.028
0 0.548828125 0.1513000000000001 0.0265625 0.034
0 0.726171875 0.0285 0.0296875 0.038
1 0.6174999999999978 0.8203800000000074 0.1140625 0.052559999999999996
1 0.33125 0.22804000000000157 0.146875 0.06767999999999999
1 0.4890625 0.34896 0.134375 0.061919999999999996
1 0.5489062500000009 0.7413200000000046 0.0734375 0.033839999999999995
1 0.32578125 0.39044 0.2015625 0.09287999999999999
1 0.8054687499999968 0.7305599999999975 0.1265625 0.05832
1 0.45312499999999895 0.7804800000000036 0.10625 0.048960000000000004
