0 0.19453125 0.8245999999999964 0.021875 0.028
0 0.274609375 0.7965 0.0234375 0.03
0 0.67265625 0.404600000000001 0.021875 0.028
0 0.400390625 0.6925 0.0390625 0.05
0 0.05703125 0.2814000000000005 0.021875 0.028
0 0.545703125 0.1581000000000001 0.0265625 0.034
0 0.729296875 0.0361 0.0296875 0.038
1 0.6121874999999979 0.8237800000000075 0.1140625 0.052559999999999996
1 0.324375 0.22364000000000162 0.146875 0.06767999999999999
1 0.4828125 0.34496 0.134375 0.061919999999999996
1 0.552343750000001 0.7413200000000046 0.0734375 0.033839999999999995
1 0.31640625 0.39644 0.2015625 0.09287999999999999
1 0.8114062499999968 0.7267599999999976 0.1265625 0.05832
1 0.458124999999999 0.7836800000000037 0.10625 0.048960000000000004
