0 0.19765625 0.8301999999999964 0.021875 0.028
0 0.277734375 0.8025 0.0234375 0.03
0 0.67265625 0.410200000000001 0.021875 0.028
0 0.397265625 0.7025 0.0390625 0.05
0 0.06015625 0.28700000000000053 0.021875 0.028
0 0.542578125 0.16490000000000013 0.0265625 0.034
0 0.732421875 0.0437 0.0296875 0.038
1 0.6068749999999979 0.8271800000000076 0.1140625 0.052559999999999996
1 0.31750000000000006 0.21924000000000163 0.146875 0.06767999999999999
1 0.4765625 0.34096 0.134375 0.061919999999999996
1 0.555781250000001 0.7435200000000046 0.0734375 0.033839999999999995
1 0.30703125 0.40244 0.2015625 0.09287999999999999
1 0.8173437499999967 0.7229599999999976 0.1265625 0.05832
1 0.46312499999999907 0.7868800000000038 0.10625 0.048960000000000004
