0 0.20078125 0.8357999999999963 0.021875 0.028
0 0.280859375 0.8085 0.0234375 0.03
0 0.67578125 0.41580000000000106 0.021875 0.028
0 0.394140625 0.7125 0.0390625 0.05
0 0.06328125 0.2926000000000005 0.021875 0.028
0 0.542578125 0.17170000000000013 0.0265625 0.034
0 0.735546875 0.0513 0.0296875 0.038
1 0.601562499999998 0.8305800000000076 0.1140625 0.052559999999999996
1 0.3106250000000001 0.21484000000000164 0.146875 0.06767999999999999
1 0.4703125 0.33696 0.134375 0.061919999999999996
1 0.5592187500000011 0.7457200000000047 0.0734375 0.033839999999999995
1 0.29765625 0.40844 0.2015625 0.09287999999999999
1 0.8232812499999966 0.7191599999999977 0.1265625 0.05832
1 0.4681249999999991 0.7900800000000038 0.10625 0.048960000000000004
