0 0.20390625 0.8413999999999963 0.021875 0.028
0 0.283984375 0.8145 0.0234375 0.03
0 0.67890625 0.42140000000000105 0.021875 0.028
0 0.391015625 0.7225 0.0390625 0.05
0 0.06640625 0.2982000000000006 0.021875 0.028
0 0.545703125 0.17850000000000013 0.0265625 0.034
0 0.732421875 0.058899999999999994 0.0296875 0.038
1 0.596249999999998 0.8339800000000077 0.1140625 0.052559999999999996
1 0.30375000000000013 0.21044000000000168 0.146875 0.06767999999999999
1 0.4640625 0.33296 0.134375 0.061919999999999996
1 0.5626562500000012 0.7479200000000047 0.0734375 0.033839999999999995
1 0.28828125 0.41444 0.2015625 0.09287999999999999
1 0.8292187499999966 0.7153599999999978 0.1265625 0.05832
1 0.47312499999999924 0.7932800000000039 0.10625 0.048960000000000004
