0 0.20390625 0.8469999999999961 0.021875 0.028
0 0.287109375 0.8205 0.0234375 0.03
0 0.68203125 0.4270000000000011 0.021875 0.028
0 0.391015625 0.7325 0.0390625 0.05
0 0.06953125 0.30380000000000057 0.021875 0.028
0 0.548828125 0.18530000000000016 0.0265625 0.034
0 0.729296875 0.06649999999999999 0.0296875 0.038
1 0.590937499999998 0.8373800000000078 0.1140625 0.052559999999999996
1 0.29687500000000017 0.2060400000000017 0.146875 0.06767999999999999
1 0.4578125 0.32896 0.134375 0.061919999999999996
1 0.5660937500000013 0.7501200000000048 0.0734375 0.033839999999999995
1 0.27890625 0.42044 0.2015625 0.09287999999999999
1 0.8351562499999965 0.7115599999999977 0.1265625 0.05832
1 0.4781249999999993 0.7964800000000039 0.10625 0.048960000000000004
