0 0.20078125 0.852599999999996 0.021875 0.028
0 0.290234375 0.8265 0.0234375 0.03
0 0.68515625 0.4326000000000011 0.021875 0.028
0 0.394140625 0.7425 0.0390625 0.05
0 0.06953125 0.3094000000000006 0.021875 0.028
0 0.551953125 0.19210000000000016 0.0265625 0.034
0 0.726171875 0.07409999999999999 0.0296875 0.038
1 0.5856249999999981 0.840780000000008 0.1140625 0.052559999999999996
1 0.2900000000000002 0.2016400000000017 0.146875 0.06767999999999999
1 0.4515625 0.32495999999999997 0.134375 0.061919999999999996
1 0.5695312500000014 0.7523200000000049 0.0734375 0.033839999999999995
1 0.26953125 0.42644 0.2015625 0.09287999999999999
1 0.8410937499999964 0.7077599999999978 0.1265625 0.05832
1 0.48312499999999936 0.7996800000000039 0.10625 0.048960000000000004
