0 0.19765625 0.858199999999996 0.021875 0.028
0 0.293359375 0.8325 0.0234375 0.03
0 0.68828125 0.43820000000000114 0.021875 0.028
0 0.397265625 0.7525 0.0390625 0.05
0 0.06640625 0.3150000000000006 0.021875 0.028
0 0.555078125 0.1989000000000002 0.0265625 0.034
0 0.723046875 0.08169999999999998 0.0296875 0.038
1 0.5803124999999981 0.844180000000008 0.1140625 0.052559999999999996
1 0.28312500000000024 0.19724000000000175 0.146875 0.06767999999999999
1 0.4453125 0.32095999999999997 0.134375 0.061919999999999996
1 0.5729687500000014 0.7545200000000049 0.0734375 0.033839999999999995
1 0.26015625 0.43244 0.2015625 0.09287999999999999
1 0.8470312499999963 0.7039599999999979 0.1265625 0.05832
1 0.4881249999999994 0.8028800000000039 0.10625 0.048960000000000004
