0 0.19453125 0.8637999999999959 0.021875 0.028
0 0.290234375 0.8385 0.0234375 0.03
0 0.68828125 0.44380000000000114 0.021875 0.028
0 0.400390625 0.7625 0.0390625 0.05
0 0.06328125 0.32060000000000066 0.021875 0.028
0 0.558203125 0.2057000000000002 0.0265625 0.034
0 0.719921875 0.08929999999999996 0.0296875 0.038
1 0.5749999999999982 0.8475800000000081 0.1140625 0.052559999999999996
1 0.2762500000000003 0.19284000000000176 0.146875 0.06767999999999999
1 0.4390625 0.31695999999999996 0.134375 0.061919999999999996
1 0.5764062500000015 0.7567200000000049 0.0734375 0.033839999999999995
1 0.25078125 0.43844 0.2015625 0.09287999999999999
1 0.8529687499999963 0.7001599999999979 0.1265625 0.05832
1 0.4931249999999995 0.806080000000004 0.10625 0.048960000000000004
