0 0.19140625 0.8693999999999957 0.021875 0.028
0 0.287109375 0.8445 0.0234375 0.03
0 0.68515625 0.4494000000000012 0.021875 0.028
0 0.403515625 0.7725 0.0390625 0.05
0 0.06015625 0.32620000000000066 0.021875 0.028
0 0.558203125 0.2125000000000002 0.0265625 0.034
0 0.716796875 0.09689999999999996 0.0296875 0.038
1 0.5696874999999981 0.8509800000000082 0.1140625 0.052559999999999996
1 0.26937500000000025 0.1884400000000018 0.146875 0.06767999999999999
1 0.4328125 0.31295999999999996 0.134375 0.061919999999999996
1 0.5798437500000015 0.7589200000000049 0.0734375 0.033839999999999995
1 0.24140625 0.44444 0.2015625 0.09287999999999999
1 0.8589062499999962 0.696359999999998 0.1265625 0.05832
1 0.4981249999999996 0.8092800000000041 0.10625 0.048960000000000004
