0 0.18828125 0.8749999999999957 0.021875 0.028
0 0.283984375 0.8505 0.0234375 0.03
0 0.68203125 0.4550000000000012 0.021875 0.028
0 0.406640625 0.7825 0.0390625 0.05
0 0.05703125 0.3318000000000007 0.021875 0.028
0 0.555078125 0.21930000000000022 0.0265625 0.034
0 0.719921875 0.10449999999999995 0.0296875 0.038
1 0.5643749999999982 0.8543800000000082 0.1140625 0.052559999999999996
1 0.2625000000000003 0.1840400000000018 0.146875 0.06767999999999999
1 0.4265625 0.30895999999999996 0.134375 0.061919999999999996
1 0.5832812500000016 0.761120000000005 0.0734375 0.033839999999999995
1 0.23203125 0.45044 0.2015625 0.09287999999999999
1 0.8648437499999961 0.6925599999999981 0.1265625 0.05832
1 0.5031249999999996 0.8124800000000041 0.10625 0.048960000000000004
