0 0.18828125 0.8805999999999956 0.021875 0.028
0 0.280859375 0.8565 0.0234375 0.03
0 0.67890625 0.46060000000000123 0.021875 0.028
0 0.406640625 0.7925 0.0390625 0.05
0 0.05390625 0.3374000000000007 0.021875 0.028
0 0.551953125 0.22610000000000022 0.0265625 0.034
0 0.723046875 0.11209999999999995 0.0296875 0.038
1 0.5590624999999982 0.8577800000000084 0.1140625 0.052559999999999996
1 0.25562500000000027 0.17964000000000183 0.146875 0.06767999999999999
1 0.4203125 0.30495999999999995 0.134375 0.061919999999999996
1 0.5867187500000017 0.7633200000000051 0.0734375 0.033839999999999995
1 0.22265625 0.45644 0.2015625 0.09287999999999999
1 0.8707812499999961 0.688759999999998 0.1265625 0.05832
1 0.5081249999999997 0.8156800000000042 0.10625 0.048960000000000004
