0 0.19140625 0.8861999999999955 0.021875 0.028
0 0.277734375 0.8625 0.0234375 0.03
0 0.67578125 0.4662000000000012 0.021875 0.028
0 0.403515625 0.8025 0.0390625 0.05
0 0.05390625 0.34300000000000075 0.021875 0.028
0 0.548828125 0.23290000000000025 0.0265625 0.034
0 0.726171875 0.11969999999999995 0.0296875 0.038
1 0.5537499999999983 0.8611800000000085 0.1140625 0.052559999999999996
1 0.24875000000000025 0.17524000000000187 0.146875 0.06767999999999999
1 0.4140625 0.30096 0.134375 0.061919999999999996
1 0.5901562500000017 0.7655200000000051 0.0734375 0.033839999999999995
1 0.21328125 0.46244 0.2015625 0.09287999999999999
1 0.876718749999996 0.6849599999999981 0.1265625 0.05832
1 0.5131249999999998 0.8188800000000042 0.10625 0.048960000000000004
