0 0.19453125 0.8917999999999954 0.021875 0.028
0 0.274609375 0.8685 0.0234375 0.03
0 0.67265625 0.4718000000000013 0.021875 0.028
0 0.400390625 0.8125 0.0390625 0.05
0 0.05703125 0.34860000000000074 0.021875 0.028
0 0.545703125 0.23970000000000025 0.0265625 0.034
0 0.729296875 0.12729999999999994 0.0296875 0.038
1 0.5484374999999984 0.8645800000000086 0.1140625 0.052559999999999996
1 0.24187500000000023 0.17084000000000188 0.146875 0.06767999999999999
1 0.4078125 0.29696 0.134375 0.061919999999999996
1 0.5935937500000018 0.7677200000000052 0.0734375 0.033839999999999995
1 0.20390625 0.46844 0.2015625 0.09287999999999999
1 0.8826562499999959 0.6811599999999981 0.1265625 0.05832
1 0.5181249999999998 0.8220800000000043 0.10625 0.048960000000000004
