0 0.19765625 0.8973999999999953 0.021875 0.028
0 0.277734375 0.8745 0.0234375 0.03
0 0.67265625 0.47740000000000127 0.021875 0.028
0 0.397265625 0.8225 0.0390625 0.05
0 0.06015625 0.3542000000000008 0.021875 0.028
0 0.542578125 0.24650000000000025 0.0265625 0.034
0 0.732421875 0.1348999999999999 0.0296875 0.038
1 0.5431249999999983 0.8679800000000086 0.1140625 0.052559999999999996
1 0.23500000000000024 0.1664400000000019 0.146875 0.06767999999999999
1 0.4015625 0.29296 0.134375 0.061919999999999996
1 0.5970312500000019 0.7699200000000052 0.0734375 0.033839999999999995
1 0.19453125 0.47444 0.2015625 0.09287999999999999
1 0.8885937499999959 0.6773599999999982 0.1265625 0.05832
1 0.523125 0.8252800000000043 0.10625 0.048960000000000004
