0 0.20078125 0.9029999999999953 0.021875 0.028
0 0.280859375 0.8805 0.0234375 0.03
0 0.67578125 0.4830000000000013 0.021875 0.028
0 0.394140625 0.8325 0.0390625 0.05
0 0.06328125 0.3598000000000008 0.021875 0.028
0 0.542578125 0.25330000000000025 0.0265625 0.034
0 0.735546875 0.14249999999999993 0.0296875 0.038
1 0.5378124999999984 0.8713800000000087 0.1140625 0.052559999999999996
1 0.22812500000000022 0.16204000000000193 0.146875 0.06767999999999999
1 0.3953125 0.28896 0.134375 0.061919999999999996
1 0.600468750000002 0.7721200000000052 0.0734375 0.033839999999999995
1 0.18515625 0.48044 0.2015625 0.09287999999999999
1 0.8945312499999958 0.6735599999999983 0.1265625 0.05832
1 0.528125 0.8284800000000043 0.10625 0.048960000000000004
