0 0.20390625 0.9085999999999952 0.021875 0.028
0 0.283984375 0.8865 0.0234375 0.03
0 0.67890625 0.4886000000000013 0.021875 0.028
0 0.391015625 0.8425 0.0390625 0.05
0 0.06640625 0.36540000000000084 0.021875 0.028
0 0.545703125 0.2601000000000003 0.0265625 0.034
0 0.732421875 0.15009999999999996 0.0296875 0.038
1 0.5324999999999984 0.8747800000000089 0.1140625 0.052559999999999996
1 0.22125000000000022 0.15764000000000192 0.146875 0.06767999999999999
1 0.3890625 0.28496 0.134375 0.061919999999999996
1 0.6039062500000021 0.7743200000000052 0.0734375 0.033839999999999995
1 0.17578125 0.48644 0.2015625 0.09287999999999999
1 0.9004687499999957 0.6697599999999982 0.1265625 0.05832
1 0.5331250000000001 0.8316800000000044 0.10625 0.048960000000000004
