0 0.20390625 0.914199999999995 0.021875 0.028
0 0.287109375 0.8925 0.0234375 0.03
0 0.68203125 0.49420000000000136 0.021875 0.028
0 0.391015625 0.8525 0.0390625 0.05
0 0.06953125 0.37100000000000083 0.021875 0.028
0 0.548828125 0.26690000000000025 0.0265625 0.034
0 0.729296875 0.15769999999999998 0.0296875 0.038
1 0.5271874999999985 0.878180000000009 0.1140625 0.052559999999999996
1 0.2143750000000002 0.1532400000000019 0.146875 0.06767999999999999
1 0.3828125 0.28096 0.134375 0.061919999999999996
1 0.6073437500000021 0.7765200000000053 0.0734375 0.033839999999999995
1 0.16640625 0.49244 0.2015625 0.09287999999999999
1 0.9064062499999956 0.6659599999999983 0.1265625 0.05832
1 0.5381250000000002 0.8348800000000044 0.10625 0.048960000000000004
