0 0.20078125 0.919799999999995 0.021875 0.028
0 0.290234375 0.8985 0.0234375 0.03
0 0.68515625 0.49980000000000135 0.021875 0.028
0 0.394140625 0.8625 0.0390625 0.05
0 0.06953125 0.3766000000000009 0.021875 0.028
0 0.551953125 0.2737000000000002 0.0265625 0.034
0 0.726171875 0.1653 0.0296875 0.038
1 0.5218749999999985 0.881580000000009 0.1140625 0.052559999999999996
1 0.20750000000000018 0.14884000000000192 0.146875 0.06767999999999999
1 0.3765625 0.27696 0.134375 0.061919999999999996
1 0.6107812500000022 0.7787200000000054 0.0734375 0.033839999999999995
1 0.15703125 0.49844 0.2015625 0.09287999999999999
1 0.9123437499999956 0.6621599999999984 0.1265625 0.05832
1 0.5431250000000002 0.8380800000000045 0.10625 0.048960000000000004
