0 0.19765625 0.9253999999999949 0.021875 0.028
0 0.293359375 0.9045 0.0234375 0.03
0 0.68828125 0.5054000000000014 0.021875 0.028
0 0.397265625 0.8725 0.0390625 0.05
0 0.06640625 0.3822000000000009 0.021875 0.028
0 0.555078125 0.2805000000000002 0.0265625 0.034
0 0.723046875 0.17290000000000003 0.0296875 0.038
1 0.5165624999999985 0.878180000000009 0.1140625 0.052559999999999996
1 0.2006250000000002 0.1444400000000019 0.146875 0.06767999999999999
1 0.3703125 0.27296 0.134375 0.061919999999999996
1 0.6142187500000023 0.7809200000000054 0.0734375 0.033839999999999995
1 0.14765625 0.50444 0.2015625 0.09287999999999999
1 0.9182812499999955 0.6583599999999984 0.1265625 0.05832
1 0.5481250000000003 0.8412800000000045 0.10625 0.048960000000000004
