0 0.19453125 0.9309999999999947 0.021875 0.028
0 0.290234375 0.9105 0.0234375 0.03
0 0.68828125 0.5110000000000015 0.021875 0.028
0 0.400390625 0.8825 0.0390625 0.05
0 0.06328125 0.3878000000000009 0.021875 0.028
0 0.558203125 0.2873000000000001 0.0265625 0.034
0 0.719921875 0.18050000000000005 0.0296875 0.038
1 0.5112499999999985 0.8747800000000089 0.1140625 0.052559999999999996
1 0.19375000000000017 0.14004000000000189 0.146875 0.06767999999999999
1 0.3640625 0.26896 0.134375 0.061919999999999996
1 0.6176562500000023 0.7831200000000055 0.0734375 0.033839999999999995
1 0.13828125 0.51044 0.2015625 0.09287999999999999
1 0.9242187499999954 0.6545599999999985 0.1265625 0.05832
1 0.5531250000000003 0.8444800000000046 0.10625 0.048960000000000004
