0 0.19140625 0.9365999999999947 0.021875 0.028
0 0.287109375 0.9165 0.0234375 0.03
0 0.68515625 0.5166000000000015 0.021875 0.028
0 0.403515625 0.8925 0.0390625 0.05
0 0.06015625 0.39340000000000097 0.021875 0.028
0 0.558203125 0.2941000000000001 0.0265625 0.034
0 0.716796875 0.18810000000000007 0.0296875 0.038
0 0.9046875 0.025200000000000004 0.04375 0.056
1 0.5059374999999986 0.8713800000000087 0.1140625 0.052559999999999996
1 0.18687500000000018 0.1356400000000019 0.146875 0.06767999999999999
1 0.3578125 0.26496 0.134375 0.061919999999999996
1 0.6210937500000024 0.7853200000000055 0.0734375 0.033839999999999995
1 0.12890625 0.51644 0.2015625 0.09287999999999999
1 0.9301562499999954 0.6507599999999986 0.1265625 0.05832
1 0.5581250000000004 0.8476800000000047 0.10625 0.048960000000000004
