0 0.18828125 0.9421999999999946 0.021875 0.028
0 0.283984375 0.9225 0.0234375 0.03
0 0.68203125 0.5222000000000014 0.021875 0.028
0 0.406640625 0.9025 0.0390625 0.05
0 0.05703125 0.39900000000000097 0.021875 0.028
0 0.555078125 0.30090000000000006 0.0265625 0.034
0 0.719921875 0.1957000000000001 0.0296875 0.038
0 0.9078125 0.03640000000000001 0.04375 0.056
1 0.5006249999999987 0.8679800000000086 0.1140625 0.052559999999999996
1 0.18000000000000016 0.13124000000000188 0.146875 0.06767999999999999
1 0.3515625 0.26095999999999997 0.134375 0.061919999999999996
1 0.6245312500000024 0.7875200000000055 0.0734375 0.033839999999999995
1 0.11953125 0.52244 0.2015625 0.09287999999999999
1 0.9360937499999953 0.6469599999999985 0.1265625 0.05832
1 0.5631250000000005 0.8508800000000046 0.10625 0.048960000000000004
