0 0.18828125 0.9477999999999945 0.021875 0.028
0 0.280859375 0.9285 0.0234375 0.03
0 0.67890625 0.5278000000000013 0.021875 0.028
0 0.406640625 0.9125 0.0390625 0.05
0 0.05390625 0.404600000000001 0.021875 0.028
0 0.551953125 0.3077 0.0265625 0.034
0 0.723046875 0.20330000000000012 0.0296875 0.038
0 0.9109375 0.0476 0.04375 0.056
1 0.49531249999999866 0.8645800000000086 0.1140625 0.052559999999999996
1 0.17312500000000014 0.12684000000000187 0.146875 0.06767999999999999
1 0.3453125 0.25695999999999997 0.134375 0.061919999999999996
1 0.6279687500000025 0.7897200000000056 0.0734375 0.033839999999999995
1 0.11015625 0.52844 0.2015625 0.09287999999999999
1 0.9360937499999953 0.6431599999999986 0.1265625 0.05832
1 0.5681250000000005 0.8540800000000047 0.10625 0.048960000000000004
