0 0.19140625 0.9533999999999944 0.021875 0.028
0 0.277734375 0.9345 0.0234375 0.03
0 0.67578125 0.5334000000000012 0.021875 0.028
0 0.403515625 0.9225 0.0390625 0.05
0 0.05390625 0.410200000000001 0.021875 0.028
0 0.548828125 0.31449999999999995 0.0265625 0.034
0 0.726171875 0.21090000000000014 0.0296875 0.038
0 0.9140625 0.058800000000000005 0.04375 0.056
1 0.4899999999999987 0.8611800000000085 0.1140625 0.052559999999999996
1 0.16625000000000015 0.12244000000000187 0.146875 0.06767999999999999
1 0.3390625 0.25296 0.134375 0.061919999999999996
1 0.6314062500000026 0.7919200000000056 0.0734375 0.033839999999999995
1 0.10078125 0.53444 0.2015625 0.09287999999999999
1 0.9301562499999954 0.6393599999999986 0.1265625 0.05832
1 0.5731250000000007 0.8572800000000047 0.10625 0.048960000000000004
