0 0.19453125 0.9589999999999943 0.021875 0.028
0 0.274609375 0.9405 0.0234375 0.03
0 0.67265625 0.5390000000000011 0.021875 0.028
0 0.400390625 0.9325 0.0390625 0.05
0 0.05703125 0.41580000000000106 0.021875 0.028
0 0.545703125 0.3212999999999999 0.0265625 0.034
0 0.729296875 0.21850000000000017 0.0296875 0.038
0 0.9171875 0.07 0.04375 0.056
1 0.4846874999999987 0.8577800000000084 0.1140625 0.052559999999999996
1 0.15937500000000013 0.11804000000000187 0.146875 0.06767999999999999
1 0.3328125 0.24896000000000001 0.134375 0.061919999999999996
1 0.6348437500000027 0.7941200000000057 0.0734375 0.033839999999999995
1 0.10078125 0.54044 0.2015625 0.09287999999999999
1 0.9242187499999954 0.6355599999999987 0.1265625 0.05832
1 0.5781250000000007 0.8604800000000048 0.10625 0.048960000000000004
