0 0.19765625 0.9645999999999942 0.021875 0.028
0 0.277734375 0.9465 0.0234375 0.03
0 0.67265625 0.5446000000000011 0.021875 0.028
0 0.397265625 0.9425 0.0390625 0.05
0 0.06015625 0.42140000000000105 0.021875 0.028
0 0.542578125 0.32809999999999984 0.0265625 0.034
0 0.732421875 0.2261000000000002 0.0296875 0.038
0 0.9171875 0.08120000000000001 0.04375 0.056
1 0.4793749999999988 0.8543800000000082 0.1140625 0.052559999999999996
1 0.15250000000000014 0.11364000000000186 0.146875 0.06767999999999999
1 0.3265625 0.24496 0.134375 0.061919999999999996
1 0.6382812500000028 0.7963200000000057 0.0734375 0.033839999999999995
1 0.11015625 0.54644 0.2015625 0.09287999999999999
1 0.9182812499999955 0.6317599999999988 0.1265625 0.05832
1 0.5831250000000008 0.8636800000000049 0.10625 0.048960000000000004
