0 0.20078125 0.9701999999999942 0.021875 0.028
0 0.280859375 0.9525 0.0234375 0.03
0 0.67578125 0.5502000000000009 0.021875 0.028
0 0.394140625 0.9525 0.0390625 0.05
0 0.06328125 0.4270000000000011 0.021875 0.028
0 0.542578125 0.3348999999999998 0.0265625 0.034
0 0.735546875 0.2337000000000002 0.0296875 0.038
0 0.9140625 0.0924 0.04375 0.056
1 0.47406249999999883 0.8509800000000082 0.1140625 0.052559999999999996
1 0.14562500000000012 0.10924000000000186 0.146875 0.06767999999999999
1 0.3203125 0.24096 0.134375 0.061919999999999996
1 0.6417187500000028 0.7985200000000058 0.0734375 0.033839999999999995
1 0.11953125 0.55244 0.2015625 0.09287999999999999
1 0.9123437499999956 0.6279599999999987 0.1265625 0.05832
1 0.5881250000000009 0.8668800000000049 0.10625 0.048960000000000004
