0 0.20390625 0.975799999999994 0.021875 0.028
0 0.283984375 0.9585 0.0234375 0.03
0 0.67890625 0.5558000000000008 0.021875 0.028
0 0.391015625 0.9625 0.0390625 0.05
0 0.06640625 0.4326000000000011 0.021875 0.028
0 0.545703125 0.3416999999999998 0.0265625 0.034
0 0.732421875 0.24130000000000024 0.0296875 0.038
0 0.9109375 0.10359999999999998 0.04375 0.056
1 0.46874999999999883 0.8475800000000081 0.1140625 0.052559999999999996
1 0.1387500000000001 0.10484000000000185 0.146875 0.06767999999999999
1 0.3140625 0.23696 0.134375 0.061919999999999996
1 0.6451562500000029 0.8007200000000059 0.0734375 0.033839999999999995
1 0.12890625 0.55844 0.2015625 0.09287999999999999
1 0.9064062499999956 0.6241599999999988 0.1265625 0.05832
1 0.5931250000000009 0.870080000000005 0.10625 0.048960000000000004
