0 0.20390625 0.9813999999999939 0.021875 0.028
0 0.287109375 0.9645 0.0234375 0.03
0 0.68203125 0.5614000000000008 0.021875 0.028
0 0.391015625 0.9725 0.0390625 0.05
0 0.06953125 0.43820000000000114 0.021875 0.028
0 0.548828125 0.3484999999999997 0.0265625 0.034
0 0.729296875 0.24890000000000026 0.0296875 0.038
0 0.9078125 0.11479999999999997 0.04375 0.056
1 0.4634374999999989 0.844180000000008 0.1140625 0.052559999999999996
1 0.1318750000000001 0.10044000000000185 0.146875 0.06767999999999999
1 0.3078125 0.23296 0.134375 0.061919999999999996
1 0.648593750000003 0.8029200000000059 0.0734375 0.033839999999999995
1 0.13828125 0.56444 0.2015625 0.09287999999999999
1 0.9004687499999957 0.6203599999999989 0.1265625 0.05832
1 0.598125000000001 0.8732800000000049 0.10625 0.048960000000000004
