0 0.20078125 0.9869999999999939 0.021875 0.028
0 0.290234375 0.9705 0.0234375 0.03
0 0.68515625 0.5670000000000007 0.021875 0.028
0 0.394140625 0.9825 0.0390625 0.05
0 0.06953125 0.44380000000000114 0.021875 0.028
0 0.551953125 0.35529999999999967 0.0265625 0.034
0 0.726171875 0.2565000000000003 0.0296875 0.038
0 0.9046875 0.12599999999999995 0.04375 0.056
1 0.4581249999999989 0.840780000000008 0.1140625 0.052559999999999996
1 0.12500000000000008 0.09604000000000185 0.146875 0.06767999999999999
1 0.3015625 0.22896 0.134375 0.061919999999999996
1 0.6520312500000031 0.8051200000000059 0.0734375 0.033839999999999995
1 0.14765625 0.5704400000000001 0.2015625 0.09287999999999999
1 0.8945312499999958 0.6165599999999989 0.1265625 0.05832
1 0.603125000000001 0.876480000000005 0.10625 0.048960000000000004
