0 0.19765625 0.9925999999999938 0.021875 0.028
0 0.293359375 0.9765 0.0234375 0.03
0 0.68828125 0.5726000000000006 0.021875 0.028
0 0.397265625 0.9925 0.0390625 0.05
0 0.06640625 0.4494000000000012 0.021875 0.028
0 0.555078125 0.36209999999999964 0.0265625 0.034
0 0.723046875 0.26410000000000033 0.0296875 0.038
0 0.9015625 0.13719999999999993 0.04375 0.056
1 0.45281249999999895 0.8373800000000078 0.1140625 0.052559999999999996
1 0.11812500000000008 0.09164000000000183 0.146875 0.06767999999999999
1 0.2953125 0.22496000000000002 0.134375 0.061919999999999996
1 0.6554687500000032 0.8073200000000059 0.0734375 0.033839999999999995
1 0.15703125 0.5764400000000001 0.2015625 0.09287999999999999
1 0.8885937499999959 0.612759999999999 0.1265625 0.05832
1 0.6081250000000011 0.879680000000005 0.10625 0.048960000000000004
