0 0.19453125 0.9981999999999936 0.021875 0.028
0 0.290234375 0.9825 0.0234375 0.03
0 0.68828125 0.5782000000000005 0.021875 0.028
0 0.400390625 1.0025 0.0390625 0.05
0 0.06328125 0.4550000000000012 0.021875 0.028
0 0.558203125 0.36889999999999956 0.0265625 0.034
0 0.719921875 0.27170000000000033 0.0296875 0.038
0 0.9015625 0.14839999999999995 0.04375 0.056
1 0.447499999999999 0.8339800000000077 0.1140625 0.052559999999999996
1 0.1112500000000001 0.09604000000000185 0.146875 0.06767999999999999
1 0.2890625 0.22096000000000002 0.134375 0.061919999999999996
1 0.6589062500000031 0.809520000000006 0.0734375 0.033839999999999995
1 0.16640625 0.5824400000000001 0.2015625 0.09287999999999999
1 0.8826562499999959 0.6089599999999991 0.1265625 0.05832
1 0.6131250000000013 0.8828800000000051 0.10625 0.048960000000000004
