0 0.19140625 1.0037999999999936 0.021875 0.028
0 0.287109375 0.9885 0.0234375 0.03
0 0.68515625 0.5838000000000004 0.021875 0.028
0 0.06015625 0.46060000000000123 0.021875 0.028
0 0.558203125 0.37569999999999953 0.0265625 0.034
0 0.716796875 0.2793000000000003 0.0296875 0.038
0 0.9046875 0.15959999999999994 0.04375 0.056
1 0.442187499999999 0.8305800000000076 0.1140625 0.052559999999999996
1 0.1043750000000001 0.10044000000000185 0.146875 0.06767999999999999
1 0.2828125 0.21696000000000001 0.134375 0.061919999999999996
1 0.6623437500000032 0.8117200000000061 0.0734375 0.033839999999999995
1 0.17578125 0.5884400000000001 0.2015625 0.09287999999999999
1 0.876718749999996 0.605159999999999 0.1265625 0.05832
1 0.6181250000000013 0.8860800000000052 0.10625 0.048960000000000004
