0 0.283984375 0.9945 0.0234375 0.03
0 0.68203125 0.5894000000000004 0.021875 0.028
0 0.05703125 0.4662000000000012 0.021875 0.028
0 0.555078125 0.3824999999999995 0.0265625 0.034
0 0.719921875 0.2869000000000004 0.0296875 0.038
0 0.9078125 0.17079999999999992 0.04375 0.056
1 0.43687499999999907 0.8271800000000076 0.1140625 0.052559999999999996
1 0.0975000000000001 0.10484000000000185 0.146875 0.06767999999999999
1 0.2765625 0.21296 0.134375 0.061919999999999996
1 0.6657812500000033 0.8139200000000061 0.0734375 0.033839999999999995
1 0.18515625 0.5944400000000001 0.2015625 0.09287999999999999
1 0.8707812499999961 0.6013599999999991 0.1265625 0.05832
1 0.6231250000000014 0.8892800000000052 0.10625 0.048960000000000004
