0 0.280859375 1.0005 0.0234375 0.03
0 0.67890625 0.5950000000000002 0.021875 0.028
0 0.05390625 0.4718000000000013 0.021875 0.028
0 0.551953125 0.3892999999999994 0.0265625 0.034
0 0.723046875 0.2945000000000004 0.0296875 0.038
0 0.9109375 0.1819999999999999 0.04375 0.056
0 0.698828125 0.020300000000000002 0.0453125 0.058
1 0.43156249999999907 0.8237800000000075 0.1140625 0.052559999999999996
1 0.0906250000000001 0.10924000000000186 0.146875 0.06767999999999999
1 0.2703125 0.20896 0.134375 0.061919999999999996
1 0.6692187500000034 0.8161200000000062 0.0734375 0.033839999999999995
1 0.19453125 0.6004400000000001 0.2015625 0.09287999999999999
1 0.8648437499999961 0.5975599999999992 0.1265625 0.05832
1 0.6281250000000014 0.8860800000000052 0.10625 0.048960000000000004
