0 0.277734375 1.0065 0.0234375 0.03
0 0.67578125 0.6006000000000001 0.021875 0.028
0 0.05390625 0.47740000000000127 0.021875 0.028
0 0.548828125 0.3960999999999994 0.0265625 0.034
0 0.726171875 0.3021000000000004 0.0296875 0.038
0 0.9140625 0.1931999999999999 0.04375 0.056
0 0.701953125 0.0319 0.0453125 0.058
1 0.42624999999999913 0.8203800000000074 0.1140625 0.052559999999999996
1 0.0837500000000001 0.11364000000000186 0.146875 0.06767999999999999
1 0.2640625 0.20496 0.134375 0.061919999999999996
1 0.6726562500000035 0.8183200000000062 0.0734375 0.033839999999999995
1 0.20390625 0.6064400000000001 0.2015625 0.09287999999999999
1 0.8589062499999962 0.5937599999999992 0.1265625 0.05832
1 0.6331250000000015 0.8828800000000051 0.10625 0.048960000000000004
