0 0.67265625 0.6062000000000001 0.021875 0.028
0 0.05703125 0.4830000000000013 0.021875 0.028
0 0.545703125 0.40289999999999937 0.0265625 0.034
0 0.729296875 0.3097000000000004 0.0296875 0.038
0 0.9171875 0.2043999999999999 0.04375 0.056
0 0.705078125 0.0435 0.0453125 0.058
0 0.466015625 0.0189 0.0328125 0.042
1 0.4209374999999992 0.8169800000000073 0.1140625 0.052559999999999996
1 0.07687500000000011 0.11804000000000187 0.146875 0.06767999999999999
1 0.2578125 0.20096 0.134375 0.061919999999999996
1 0.6760937500000035 0.8205200000000062 0.0734375 0.033839999999999995
1 0.21328125 0.6124400000000001 0.2015625 0.09287999999999999
1 0.8529687499999963 0.5899599999999993 0.1265625 0.05832
1 0.6381250000000016 0.879680000000005 0.10625 0.048960000000000004
