0 0.67265625 0.6117999999999999 0.021875 0.028
0 0.06015625 0.4886000000000013 0.021875 0.028
0 0.542578125 0.4096999999999993 0.0265625 0.034
0 0.732421875 0.31730000000000047 0.0296875 0.038
0 0.9171875 0.21559999999999988 0.04375 0.056
0 0.708203125 0.055099999999999996 0.0453125 0.058
0 0.469140625 0.0273 0.0328125 0.042
1 0.4156249999999992 0.8135800000000072 0.1140625 0.052559999999999996
1 0.07000000000000009 0.12244000000000187 0.146875 0.06767999999999999
1 0.2515625 0.19696 0.134375 0.061919999999999996
1 0.6795312500000036 0.8227200000000063 0.0734375 0.033839999999999995
1 0.22265625 0.6184400000000001 0.2015625 0.09287999999999999
1 0.8470312499999963 0.5861599999999992 0.1265625 0.05832
1 0.6431250000000016 0.876480000000005 0.10625 0.048960000000000004
