0 0.67578125 0.6173999999999998 0.021875 0.028
0 0.06328125 0.49420000000000136 0.021875 0.028
0 0.542578125 0.41649999999999926 0.0265625 0.034
0 0.735546875 0.32490000000000047 0.0296875 0.038
0 0.9140625 0.22679999999999986 0.04375 0.056
0 0.711328125 0.0667 0.0453125 0.058
0 0.472265625 0.0357 0.0328125 0.042
1 0.41031249999999925 0.8101800000000071 0.1140625 0.052559999999999996
1 0.07687500000000011 0.12684000000000187 0.146875 0.06767999999999999
1 0.2453125 0.19296000000000002 0.134375 0.061919999999999996
1 0.6829687500000037 0.8249200000000063 0.0734375 0.033839999999999995
1 0.23203125 0.6244400000000001 0.2015625 0.09287999999999999
1 0.8410937499999964 0.5823599999999993 0.1265625 0.05832
1 0.6481250000000017 0.8732800000000049 0.10625 0.048960000000000004
