0 0.67890625 0.6229999999999998 0.021875 0.028
0 0.06640625 0.49980000000000135 0.021875 0.028
0 0.545703125 0.42329999999999923 0.0265625 0.034
0 0.732421875 0.3325000000000005 0.0296875 0.038
0 0.9109375 0.23799999999999985 0.04375 0.056
0 0.714453125 0.07829999999999998 0.0453125 0.058
0 0.475390625 0.0441 0.0328125 0.042
1 0.40499999999999925 0.806780000000007 0.1140625 0.052559999999999996
1 0.0837500000000001 0.13124000000000188 0.146875 0.06767999999999999
1 0.2390625 0.18896000000000002 0.134375 0.061919999999999996
1 0.6864062500000038 0.8271200000000064 0.0734375 0.033839999999999995
1 0.24140625 0.63044 0.2015625 0.09287999999999999
1 0.8351562499999965 0.5861599999999992 0.1265625 0.05832
1 0.6531250000000017 0.870080000000005 0.10625 0.048960000000000004
