0 0.68203125 0.6285999999999997 0.021875 0.028
0 0.06953125 0.5054000000000014 0.021875 0.028
0 0.548828125 0.43009999999999915 0.0265625 0.034
0 0.729296875 0.3401000000000005 0.0296875 0.038
0 0.9078125 0.24919999999999984 0.04375 0.056
0 0.711328125 0.08989999999999998 0.0453125 0.058
0 0.478515625 0.052500000000000005 0.0328125 0.042
0 0.909375 0.016800000000000002 0.0375 0.048
1 0.3996874999999993 0.803380000000007 0.1140625 0.052559999999999996
1 0.0906250000000001 0.1356400000000019 0.146875 0.06767999999999999
1 0.2328125 0.18496 0.134375 0.061919999999999996
1 0.6898437500000039 0.8293200000000064 0.0734375 0.033839999999999995
1 0.25078125 0.63644 0.2015625 0.09287999999999999
1 0.8292187499999966 0.5899599999999993 0.1265625 0.05832
1 0.6581250000000018 0.8668800000000049 0.10625 0.048960000000000004
