0 0.68515625 0.6341999999999995 0.021875 0.028
0 0.06953125 0.5110000000000015 0.021875 0.028
0 0.551953125 0.4368999999999991 0.0265625 0.034
0 0.726171875 0.34770000000000056 0.0296875 0.038
0 0.9046875 0.26039999999999985 0.04375 0.056
0 0.708203125 0.10149999999999997 0.0453125 0.058
0 0.478515625 0.06090000000000001 0.0328125 0.042
0 0.9125 0.0264 0.0375 0.048
1 0.39437499999999936 0.7999800000000068 0.1140625 0.052559999999999996
1 0.0975000000000001 0.14004000000000189 0.146875 0.06767999999999999
1 0.2265625 0.18096 0.134375 0.061919999999999996
1 0.6932812500000038 0.8315200000000065 0.0734375 0.033839999999999995
1 0.26015625 0.64244 0.2015625 0.09287999999999999
1 0.8232812499999966 0.5937599999999992 0.1265625 0.05832
1 0.663125000000002 0.8636800000000049 0.10625 0.048960000000000004
