0 0.68828125 0.6397999999999995 0.021875 0.028
0 0.06640625 0.5166000000000015 0.021875 0.028
0 0.555078125 0.4436999999999991 0.0265625 0.034
0 0.723046875 0.35530000000000056 0.0296875 0.038
0 0.9015625 0.27159999999999984 0.04375 0.056
0 0.705078125 0.11309999999999996 0.0453125 0.058
0 0.475390625 0.06930000000000001 0.0328125 0.042
0 0.915625 0.036 0.0375 0.048
1 0.38906249999999937 0.7965800000000067 0.1140625 0.052559999999999996
1 0.1043750000000001 0.1444400000000019 0.146875 0.06767999999999999
1 0.2203125 0.17696 0.134375 0.061919999999999996
1 0.6967187500000039 0.8337200000000065 0.0734375 0.033839999999999995
1 0.26953125 0.64844 0.2015625 0.09287999999999999
1 0.8173437499999967 0.5975599999999992 0.1265625 0.05832
1 0.668125000000002 0.8604800000000048 0.10625 0.048960000000000004
