0 0.68828125 0.6453999999999994 0.021875 0.028
0 0.06328125 0.5222000000000014 0.021875 0.028
0 0.558203125 0.450499999999999 0.0265625 0.034
0 0.719921875 0.3629000000000006 0.0296875 0.038
0 0.9015625 0.2827999999999999 0.04375 0.056
0 0.701953125 0.12469999999999996 0.0453125 0.058
0 0.472265625 0.07770000000000002 0.0328125 0.042
0 0.91875 0.0456 0.0375 0.048
1 0.3837499999999994 0.7931800000000067 0.1140625 0.052559999999999996
1 0.1112500000000001 0.14884000000000192 0.146875 0.06767999999999999
1 0.2140625 0.17296 0.134375 0.061919999999999996
1 0.700156250000004 0.8359200000000065 0.0734375 0.033839999999999995
1 0.27890625 0.65444 0.2015625 0.09287999999999999
1 0.8114062499999968 0.6013599999999991 0.1265625 0.05832
1 0.6731250000000021 0.8572800000000047 0.10625 0.048960000000000004
