0 0.68515625 0.6509999999999994 0.021875 0.028
0 0.06015625 0.5278000000000013 0.021875 0.028
0 0.558203125 0.457299999999999 0.0265625 0.034
0 0.716796875 0.3705000000000006 0.0296875 0.038
0 0.9046875 0.29399999999999993 0.04375 0.056
0 0.698828125 0.13629999999999995 0.0453125 0.058
0 0.469140625 0.08610000000000002 0.0328125 0.042
0 0.921875 0.0552 0.0375 0.048
1 0.3784374999999994 0.7897800000000066 0.1140625 0.052559999999999996
1 0.11812500000000008 0.1532400000000019 0.146875 0.06767999999999999
1 0.2078125 0.16896 0.134375 0.061919999999999996
1 0.7035937500000041 0.8381200000000066 0.0734375 0.033839999999999995
1 0.28828125 0.66044 0.2015625 0.09287999999999999
1 0.8054687499999968 0.605159999999999 0.1265625 0.05832
1 0.6781250000000021 0.8540800000000047 0.10625 0.048960000000000004
