0 0.68203125 0.6565999999999992 0.021875 0.028
0 0.05703125 0.5334000000000012 0.021875 0.028
0 0.555078125 0.46409999999999896 0.0265625 0.034
0 0.719921875 0.37810000000000066 0.0296875 0.038
0 0.9078125 0.30519999999999997 0.04375 0.056
0 0.695703125 0.14789999999999995 0.0453125 0.058
0 0.466015625 0.09450000000000003 0.0328125 0.042
0 0.925 0.06479999999999998 0.0375 0.048
1 0.3731249999999995 0.7863800000000065 0.1140625 0.052559999999999996
1 0.12500000000000008 0.15764000000000192 0.146875 0.06767999999999999
1 0.2015625 0.16496 0.134375 0.061919999999999996
1 0.7070312500000042 0.8403200000000066 0.0734375 0.033839999999999995
1 0.29765625 0.66644 0.2015625 0.09287999999999999
1 0.7995312499999969 0.6089599999999991 0.1265625 0.05832
1 0.6831250000000022 0.8508800000000046 0.10625 0.048960000000000004
