0 0.67890625 0.6621999999999991 0.021875 0.028
0 0.05390625 0.5390000000000011 0.021875 0.028
0 0.551953125 0.4708999999999989 0.0265625 0.034
0 0.723046875 0.38570000000000065 0.0296875 0.038
0 0.9109375 0.3164 0.04375 0.056
0 0.698828125 0.15949999999999998 0.0453125 0.058
0 0.462890625 0.10290000000000003 0.0328125 0.042
0 0.921875 0.07439999999999998 0.0375 0.048
1 0.36781249999999954 0.7829800000000063 0.1140625 0.052559999999999996
1 0.1318750000000001 0.16204000000000193 0.146875 0.06767999999999999
1 0.1953125 0.16096000000000002 0.134375 0.061919999999999996
1 0.7104687500000042 0.8425200000000067 0.0734375 0.033839999999999995
1 0.30703125 0.67244 0.2015625 0.09287999999999999
1 0.793593749999997 0.612759999999999 0.1265625 0.05832
1 0.6881250000000023 0.8476800000000047 0.10625 0.048960000000000004
