0 0.67578125 0.6677999999999991 0.021875 0.028
0 0.05390625 0.5446000000000011 0.021875 0.028
0 0.548828125 0.47769999999999885 0.0265625 0.034
0 0.726171875 0.3933000000000007 0.0296875 0.038
0 0.9140625 0.32760000000000006 0.04375 0.056
0 0.701953125 0.1711 0.0453125 0.058
0 0.462890625 0.11130000000000004 0.0328125 0.042
0 0.91875 0.08399999999999999 0.0375 0.048
1 0.36249999999999954 0.7795800000000063 0.1140625 0.052559999999999996
1 0.1387500000000001 0.1664400000000019 0.146875 0.06767999999999999
1 0.1890625 0.15696000000000002 0.134375 0.061919999999999996
1 0.7139062500000043 0.8447200000000067 0.0734375 0.033839999999999995
1 0.31640625 0.67844 0.2015625 0.09287999999999999
1 0.7876562499999971 0.6165599999999989 0.1265625 0.05832
1 0.6931250000000023 0.8444800000000046 0.10625 0.048960000000000004
