0 0.67265625 0.673399999999999 0.021875 0.028
0 0.05703125 0.5502000000000009 0.021875 0.028
0 0.545703125 0.4844999999999988 0.0265625 0.034
0 0.729296875 0.4009000000000007 0.0296875 0.038
0 0.9171875 0.3388000000000001 0.04375 0.056
0 0.705078125 0.18270000000000003 0.0453125 0.058
0 0.466015625 0.11970000000000004 0.0328125 0.042
0 0.915625 0.09359999999999997 0.0375 0.048
1 0.3571874999999996 0.7761800000000062 0.1140625 0.052559999999999996
1 0.14562500000000012 0.17084000000000188 0.146875 0.06767999999999999
1 0.1828125 0.15296 0.134375 0.061919999999999996
1 0.7173437500000044 0.8469200000000068 0.0734375 0.033839999999999995
1 0.32578125 0.68444 0.2015625 0.09287999999999999
1 0.7817187499999971 0.6203599999999989 0.1265625 0.05832
1 0.6981250000000024 0.8412800000000045 0.10625 0.048960000000000004
