0 0.67265625 0.6789999999999988 0.021875 0.028
0 0.06015625 0.5558000000000008 0.021875 0.028
0 0.542578125 0.49129999999999874 0.0265625 0.034
0 0.732421875 0.40850000000000075 0.0296875 0.038
0 0.9171875 0.35000000000000014 0.04375 0.056
0 0.708203125 0.19430000000000003 0.0453125 0.058
0 0.469140625 0.12810000000000005 0.0328125 0.042
0 0.9125 0.10319999999999997 0.0375 0.048
1 0.3518749999999996 0.7727800000000061 0.1140625 0.052559999999999996
1 0.15250000000000014 0.17524000000000187 0.146875 0.06767999999999999
1 0.1765625 0.14896 0.134375 0.061919999999999996
1 0.7207812500000045 0.8491200000000069 0.0734375 0.033839999999999995
1 0.33515625 0.69044 0.2015625 0.09287999999999999
1 0.7757812499999972 0.6241599999999988 0.1265625 0.05832
1 0.7031250000000024 0.8380800000000045 0.10625 0.048960000000000004
