0 0.67578125 0.6845999999999988 0.021875 0.028
0 0.06328125 0.5614000000000008 0.021875 0.028
0 0.542578125 0.4980999999999987 0.0265625 0.034
0 0.735546875 0.41610000000000075 0.0296875 0.038
0 0.9140625 0.36120000000000024 0.04375 0.056
0 0.711328125 0.20590000000000006 0.0453125 0.058
0 0.472265625 0.13650000000000007 0.0328125 0.042
0 0.909375 0.11279999999999997 0.0375 0.048
1 0.34656249999999966 0.7693800000000061 0.1140625 0.052559999999999996
1 0.15937500000000013 0.17964000000000183 0.146875 0.06767999999999999
1 0.1703125 0.14496 0.134375 0.061919999999999996
1 0.7242187500000046 0.8513200000000068 0.0734375 0.033839999999999995
1 0.34453125 0.6964400000000001 0.2015625 0.09287999999999999
1 0.7698437499999973 0.6279599999999987 0.1265625 0.05832
1 0.7081250000000026 0.8348800000000044 0.10625 0.048960000000000004
