0 0.67890625 0.6901999999999987 0.021875 0.028
0 0.06640625 0.5670000000000007 0.021875 0.028
0 0.545703125 0.5048999999999987 0.0265625 0.034
0 0.732421875 0.4237000000000008 0.0296875 0.038
0 0.9109375 0.3724000000000003 0.04375 0.056
0 0.714453125 0.21750000000000008 0.0453125 0.058
0 0.475390625 0.14490000000000003 0.0328125 0.042
0 0.90625 0.12239999999999997 0.0375 0.048
1 0.3412499999999997 0.7659800000000059 0.1140625 0.052559999999999996
1 0.16625000000000015 0.1840400000000018 0.146875 0.06767999999999999
1 0.1640625 0.14096 0.134375 0.061919999999999996
1 0.7276562500000046 0.8535200000000069 0.0734375 0.033839999999999995
1 0.35390625 0.7024400000000001 0.2015625 0.09287999999999999
1 0.7639062499999973 0.6317599999999988 0.1265625 0.05832
1 0.7131250000000027 0.8316800000000044 0.10625 0.048960000000000004
