0 0.68203125 0.6957999999999986 0.021875 0.028
0 0.06953125 0.5726000000000006 0.021875 0.028
0 0.548828125 0.5116999999999986 0.0265625 0.034
0 0.729296875 0.4313000000000008 0.0296875 0.038
0 0.9078125 0.38360000000000033 0.04375 0.056
0 0.711328125 0.2291000000000001 0.0453125 0.058
0 0.478515625 0.15330000000000002 0.0328125 0.042
0 0.909375 0.13199999999999995 0.0375 0.048
1 0.3359374999999997 0.7625800000000058 0.1140625 0.052559999999999996
1 0.17312500000000014 0.1884400000000018 0.146875 0.06767999999999999
1 0.1578125 0.13696 0.134375 0.061919999999999996
1 0.7310937500000046 0.8557200000000069 0.0734375 0.033839999999999995
1 0.36328125 0.7084400000000001 0.2015625 0.09287999999999999
1 0.7579687499999974 0.6355599999999987 0.1265625 0.05832
1 0.7181250000000027 0.8284800000000043 0.10625 0.048960000000000004
