0 0.68515625 0.7013999999999985 0.021875 0.028
0 0.06953125 0.5782000000000005 0.021875 0.028
0 0.551953125 0.5184999999999986 0.0265625 0.034
0 0.726171875 0.43890000000000085 0.0296875 0.038
0 0.9046875 0.3948000000000004 0.04375 0.056
0 0.708203125 0.24070000000000014 0.0453125 0.058
0 0.478515625 0.16169999999999998 0.0328125 0.042
0 0.9125 0.14159999999999998 0.0375 0.048
0 0.751171875 0.024300000000000002 0.0421875 0.054
1 0.3306249999999998 0.7591800000000057 0.1140625 0.052559999999999996
1 0.18000000000000016 0.19284000000000176 0.146875 0.06767999999999999
1 0.1515625 0.13296 0.134375 0.061919999999999996
1 0.7345312500000047 0.857920000000007 0.0734375 0.033839999999999995
1 0.37265625 0.7144400000000001 0.2015625 0.09287999999999999
1 0.7520312499999975 0.6393599999999986 0.1265625 0.05832
1 0.7231250000000028 0.8252800000000043 0.10625 0.048960000000000004
