0 0.06640625 0.5838000000000004 0.021875 0.028
0 0.555078125 0.5252999999999985 0.0265625 0.034
0 0.723046875 0.44650000000000084 0.0296875 0.038
0 0.9015625 0.4060000000000004 0.04375 0.056
0 0.705078125 0.25230000000000014 0.0453125 0.058
0 0.475390625 0.17009999999999997 0.0328125 0.042
0 0.915625 0.1512 0.0375 0.048
0 0.754296875 0.0351 0.0421875 0.054
1 0.3253124999999998 0.7557800000000057 0.1140625 0.052559999999999996
1 0.18687500000000018 0.19724000000000175 0.146875 0.06767999999999999
1 0.1453125 0.12896000000000002 0.134375 0.061919999999999996
1 0.7379687500000048 0.8601200000000071 0.0734375 0.033839999999999995
1 0.38203125 0.7204400000000001 0.2015625 0.09287999999999999
1 0.7460937499999976 0.6431599999999986 0.1265625 0.05832
1 0.7281250000000028 0.8220800000000043 0.10625 0.048960000000000004
