0 0.06328125 0.5894000000000004 0.021875 0.028
0 0.558203125 0.5320999999999986 0.0265625 0.034
0 0.719921875 0.4541000000000009 0.0296875 0.038
0 0.9015625 0.41720000000000046 0.04375 0.056
0 0.701953125 0.2639000000000002 0.0453125 0.058
0 0.472265625 0.17849999999999994 0.0328125 0.042
0 0.91875 0.1608 0.0375 0.048
0 0.757421875 0.045899999999999996 0.0421875 0.054
1 0.31999999999999984 0.7523800000000056 0.1140625 0.052559999999999996
1 0.19375000000000017 0.2016400000000017 0.146875 0.06767999999999999
1 0.1390625 0.12495999999999999 0.134375 0.061919999999999996
1 0.7414062500000049 0.8623200000000071 0.0734375 0.033839999999999995
1 0.39140625 0.7264400000000001 0.2015625 0.09287999999999999
1 0.7401562499999976 0.6469599999999985 0.1265625 0.05832
1 0.7331250000000029 0.8188800000000042 0.10625 0.048960000000000004
