0 0.06015625 0.5950000000000002 0.021875 0.028
0 0.558203125 0.5388999999999985 0.0265625 0.034
0 0.716796875 0.4617000000000009 0.0296875 0.038
0 0.9046875 0.4284000000000005 0.04375 0.056
0 0.698828125 0.2755000000000002 0.0453125 0.058
0 0.469140625 0.18689999999999993 0.0328125 0.042
0 0.921875 0.17040000000000002 0.0375 0.048
0 0.760546875 0.05669999999999999 0.0421875 0.054
1 0.3146874999999999 0.7489800000000055 0.1140625 0.052559999999999996
1 0.2006250000000002 0.2060400000000017 0.146875 0.06767999999999999
1 0.1328125 0.12096 0.134375 0.061919999999999996
1 0.7448437500000049 0.8645200000000072 0.0734375 0.033839999999999995
1 0.40078125 0.7324400000000001 0.2015625 0.09287999999999999
1 0.7342187499999977 0.6507599999999986 0.1265625 0.05832
1 0.738125000000003 0.8156800000000042 0.10625 0.048960000000000004
