0 0.05703125 0.6006000000000001 0.021875 0.028
0 0.555078125 0.5456999999999984 0.0265625 0.034
0 0.719921875 0.46930000000000094 0.0296875 0.038
0 0.9078125 0.43960000000000055 0.04375 0.056
0 0.695703125 0.2871000000000002 0.0453125 0.058
0 0.466015625 0.1952999999999999 0.0328125 0.042
0 0.925 0.18000000000000005 0.0375 0.048
0 0.763671875 0.0675 0.0421875 0.054
1 0.3093749999999999 0.7455800000000053 0.1140625 0.052559999999999996
1 0.20750000000000018 0.21044000000000168 0.146875 0.06767999999999999
1 0.1265625 0.11696 0.134375 0.061919999999999996
1 0.748281250000005 0.8667200000000072 0.0734375 0.033839999999999995
1 0.41015625 0.7384400000000001 0.2015625 0.09287999999999999
1 0.7282812499999978 0.6545599999999985 0.1265625 0.05832
1 0.743125000000003 0.8124800000000041 0.10625 0.048960000000000004
