0 0.05390625 0.6062000000000001 0.021875 0.028
0 0.551953125 0.5524999999999984 0.0265625 0.034
0 0.723046875 0.47690000000000093 0.0296875 0.038
0 0.9109375 0.4508000000000006 0.04375 0.056
0 0.698828125 0.29870000000000024 0.0453125 0.058
0 0.462890625 0.20369999999999988 0.0328125 0.042
0 0.921875 0.18960000000000007 0.0375 0.048
0 0.763671875 0.0783 0.0421875 0.054
1 0.30406249999999996 0.7421800000000053 0.1140625 0.052559999999999996
1 0.2143750000000002 0.21484000000000164 0.146875 0.06767999999999999
1 0.1203125 0.11295999999999999 0.134375 0.061919999999999996
1 0.7517187500000051 0.8689200000000072 0.0734375 0.033839999999999995
1 0.41953125 0.7444400000000001 0.2015625 0.09287999999999999
1 0.7223437499999978 0.6583599999999984 0.1265625 0.05832
1 0.7481250000000031 0.8092800000000041 0.10625 0.048960000000000004
