0 0.05390625 0.6117999999999999 0.021875 0.028
0 0.548828125 0.5592999999999984 0.0265625 0.034
0 0.726171875 0.484500000000001 0.0296875 0.038
0 0.9140625 0.46200000000000063 0.04375 0.056
0 0.701953125 0.31030000000000024 0.0453125 0.058
0 0.462890625 0.21209999999999984 0.0328125 0.042
0 0.91875 0.1992000000000001 0.0375 0.048
0 0.760546875 0.08910000000000001 0.0421875 0.054
1 0.29874999999999996 0.7387800000000052 0.1140625 0.052559999999999996
1 0.22125000000000022 0.21924000000000163 0.146875 0.06767999999999999
1 0.1140625 0.10895999999999999 0.134375 0.061919999999999996
1 0.7551562500000052 0.8711200000000073 0.0734375 0.033839999999999995
1 0.42890625 0.7504400000000001 0.2015625 0.09287999999999999
1 0.7164062499999979 0.6621599999999984 0.1265625 0.05832
1 0.7531250000000032 0.806080000000004 0.10625 0.048960000000000004
