0 0.05703125 0.6173999999999998 0.021875 0.028
0 0.545703125 0.5660999999999983 0.0265625 0.034
0 0.729296875 0.492100000000001 0.0296875 0.038
0 0.9171875 0.4732000000000007 0.04375 0.056
0 0.705078125 0.32190000000000024 0.0453125 0.058
0 0.466015625 0.22049999999999984 0.0328125 0.042
0 0.915625 0.20880000000000012 0.0375 0.048
0 0.757421875 0.09990000000000002 0.0421875 0.054
1 0.2934375 0.7353800000000051 0.1140625 0.052559999999999996
1 0.22812500000000022 0.22364000000000162 0.146875 0.06767999999999999
1 0.1078125 0.10496 0.134375 0.061919999999999996
1 0.7585937500000053 0.8733200000000073 0.0734375 0.033839999999999995
1 0.43828125 0.75644 0.2015625 0.09287999999999999
1 0.710468749999998 0.6659599999999983 0.1265625 0.05832
1 0.7581250000000033 0.8028800000000039 0.10625 0.048960000000000004
