0 0.06015625 0.6229999999999998 0.021875 0.028
0 0.542578125 0.5728999999999983 0.0265625 0.034
0 0.732421875 0.49970000000000103 0.0296875 0.038
0 0.9171875 0.4844000000000007 0.04375 0.056
0 0.708203125 0.3335000000000003 0.0453125 0.058
0 0.469140625 0.2288999999999998 0.0328125 0.042
0 0.9125 0.21840000000000015 0.0375 0.048
0 0.754296875 0.11070000000000003 0.0421875 0.054
1 0.2881250000000001 0.7319800000000051 0.1140625 0.052559999999999996
1 0.23500000000000024 0.22804000000000157 0.146875 0.06767999999999999
1 0.1015625 0.10096 0.134375 0.061919999999999996
1 0.7620312500000053 0.8755200000000074 0.0734375 0.033839999999999995
1 0.44765625 0.76244 0.2015625 0.09287999999999999
1 0.704531249999998 0.6697599999999982 0.1265625 0.05832
1 0.7631250000000034 0.7996800000000039 0.10625 0.048960000000000004
