0 0.06328125 0.6285999999999997 0.021875 0.028
0 0.542578125 0.5796999999999982 0.0265625 0.034
0 0.735546875 0.5073000000000011 0.0296875 0.038
0 0.9140625 0.49560000000000076 0.04375 0.056
0 0.711328125 0.3451000000000003 0.0453125 0.058
0 0.472265625 0.2372999999999998 0.0328125 0.042
0 0.909375 0.22800000000000017 0.0375 0.048
0 0.751171875 0.12150000000000004 0.0421875 0.054
1 0.2828125000000001 0.7285800000000049 0.1140625 0.052559999999999996
1 0.24187500000000023 0.23244000000000156 0.146875 0.06767999999999999
1 0.0953125 0.09695999999999999 0.134375 0.061919999999999996
1 0.7654687500000054 0.8777200000000074 0.0734375 0.033839999999999995
1 0.45703125 0.76844 0.2015625 0.09287999999999999
1 0.6985937499999981 0.6735599999999983 0.1265625 0.05832
1 0.7681250000000034 0.7964800000000039 0.10625 0.048960000000000004
