0 0.06640625 0.6341999999999995 0.021875 0.028
0 0.545703125 0.5864999999999981 0.0265625 0.034
0 0.732421875 0.514900000000001 0.0296875 0.038
0 0.9109375 0.5068000000000008 0.04375 0.056
0 0.714453125 0.35670000000000035 0.0453125 0.058
0 0.475390625 0.24569999999999975 0.0328125 0.042
0 0.90625 0.2376000000000002 0.0375 0.048
0 0.748046875 0.13230000000000006 0.0421875 0.054
1 0.27750000000000014 0.7251800000000048 0.1140625 0.052559999999999996
1 0.24875000000000025 0.23684000000000155 0.146875 0.06767999999999999
1 0.0890625 0.09295999999999999 0.134375 0.061919999999999996
1 0.7689062500000055 0.8799200000000075 0.0734375 0.033839999999999995
1 0.46640625 0.77444 0.2015625 0.09287999999999999
1 0.6926562499999982 0.6773599999999982 0.1265625 0.05832
1 0.7731250000000035 0.7932800000000039 0.10625 0.048960000000000004
