0 0.06953125 0.6397999999999995 0.021875 0.028
0 0.548828125 0.5932999999999982 0.0265625 0.034
0 0.729296875 0.5225000000000011 0.0296875 0.038
0 0.9078125 0.5180000000000009 0.04375 0.056
0 0.711328125 0.36830000000000035 0.0453125 0.058
0 0.478515625 0.2540999999999997 0.0328125 0.042
0 0.909375 0.24720000000000023 0.0375 0.048
0 0.748046875 0.14310000000000006 0.0421875 0.054
1 0.27218750000000014 0.7217800000000048 0.1140625 0.052559999999999996
1 0.25562500000000027 0.2412400000000015 0.146875 0.06767999999999999
1 0.0828125 0.08896 0.134375 0.061919999999999996
1 0.7723437500000055 0.8821200000000075 0.0734375 0.033839999999999995
1 0.47578125 0.78044 0.2015625 0.09287999999999999
1 0.6867187499999983 0.6811599999999981 0.1265625 0.05832
1 0.7781250000000035 0.7900800000000038 0.10625 0.048960000000000004
