0 0.06953125 0.6453999999999994 0.021875 0.028
0 0.551953125 0.6000999999999981 0.0265625 0.034
0 0.726171875 0.5301000000000009 0.0296875 0.038
0 0.9046875 0.5292000000000009 0.04375 0.056
0 0.708203125 0.37990000000000035 0.0453125 0.058
0 0.478515625 0.26249999999999973 0.0328125 0.042
0 0.9125 0.25680000000000025 0.0375 0.048
0 0.751171875 0.15390000000000006 0.0421875 0.054
1 0.2668750000000002 0.7183800000000047 0.1140625 0.052559999999999996
1 0.2625000000000003 0.2456400000000015 0.146875 0.06767999999999999
1 0.0765625 0.09295999999999999 0.134375 0.061919999999999996
1 0.7757812500000056 0.8843200000000075 0.0734375 0.033839999999999995
1 0.48515625 0.78644 0.2015625 0.09287999999999999
1 0.6807812499999983 0.6849599999999981 0.1265625 0.05832
1 0.7831250000000036 0.7868800000000038 0.10625 0.048960000000000004
