0 0.06640625 0.6509999999999994 0.021875 0.028
0 0.555078125 0.606899999999998 0.0265625 0.034
0 0.723046875 0.5377000000000008 0.0296875 0.038
0 0.9015625 0.5404000000000009 0.04375 0.056
0 0.705078125 0.3915000000000004 0.0453125 0.058
0 0.475390625 0.2708999999999997 0.0328125 0.042
0 0.915625 0.26640000000000025 0.0375 0.048
0 0.754296875 0.16470000000000007 0.0421875 0.054
1 0.26156250000000025 0.7149800000000046 0.1140625 0.052559999999999996
1 0.26937500000000025 0.2500400000000015 0.146875 0.06767999999999999
1 0.0703125 0.09695999999999999 0.134375 0.061919999999999996
1 0.7792187500000056 0.8865200000000076 0.0734375 0.033839999999999995
1 0.49453125 0.78644 0.2015625 0.09287999999999999
1 0.6748437499999984 0.688759999999998 0.1265625 0.05832
1 0.7881250000000037 0.7836800000000037 0.10625 0.048960000000000004
