0 0.06328125 0.6565999999999992 0.021875 0.028
0 0.558203125 0.613699999999998 0.0265625 0.034
0 0.719921875 0.5453000000000008 0.0296875 0.038
0 0.9015625 0.551600000000001 0.04375 0.056
0 0.701953125 0.4031000000000004 0.0453125 0.058
0 0.472265625 0.27929999999999966 0.0328125 0.042
0 0.91875 0.2760000000000003 0.0375 0.048
0 0.757421875 0.17550000000000007 0.0421875 0.054
1 0.25625000000000026 0.7115800000000044 0.1140625 0.052559999999999996
1 0.2762500000000003 0.25444000000000144 0.146875 0.06767999999999999
1 0.0640625 0.10096 0.134375 0.061919999999999996
1 0.7826562500000057 0.8887200000000076 0.0734375 0.033839999999999995
1 0.50390625 0.78044 0.2015625 0.09287999999999999
1 0.6689062499999985 0.6925599999999981 0.1265625 0.05832
1 0.7931250000000037 0.7804800000000036 0.10625 0.048960000000000004
