0 0.06015625 0.6621999999999991 0.021875 0.028
0 0.558203125 0.6204999999999979 0.0265625 0.034
0 0.716796875 0.5529000000000006 0.0296875 0.038
0 0.9046875 0.562800000000001 0.04375 0.056
0 0.698828125 0.41470000000000046 0.0453125 0.058
0 0.469140625 0.2876999999999996 0.0328125 0.042
0 0.921875 0.2856000000000003 0.0375 0.048
0 0.760546875 0.1863000000000001 0.0421875 0.054
1 0.2509375000000002 0.7081800000000044 0.1140625 0.052559999999999996
1 0.28312500000000024 0.2588400000000014 0.146875 0.06767999999999999
1 0.0703125 0.10496 0.134375 0.061919999999999996
1 0.7860937500000058 0.8909200000000077 0.0734375 0.033839999999999995
1 0.51328125 0.77444 0.2015625 0.09287999999999999
1 0.6629687499999986 0.696359999999998 0.1265625 0.05832
1 0.7981250000000039 0.7772800000000036 0.10625 0.048960000000000004
