0 0.05703125 0.6677999999999991 0.021875 0.028
0 0.555078125 0.6272999999999979 0.0265625 0.034
0 0.719921875 0.5605000000000006 0.0296875 0.038
0 0.9078125 0.5740000000000011 0.04375 0.056
0 0.695703125 0.42630000000000046 0.0453125 0.058
0 0.466015625 0.29609999999999964 0.0328125 0.042
0 0.925 0.29520000000000035 0.0375 0.048
0 0.763671875 0.1971000000000001 0.0421875 0.054
1 0.24562500000000026 0.7047800000000043 0.1140625 0.052559999999999996
1 0.2900000000000002 0.26324000000000136 0.146875 0.06767999999999999
1 0.0765625 0.10895999999999999 0.134375 0.061919999999999996
1 0.7895312500000059 0.8931200000000077 0.0734375 0.033839999999999995
1 0.52265625 0.76844 0.2015625 0.09287999999999999
1 0.6570312499999986 0.7001599999999979 0.1265625 0.05832
1 0.8031250000000039 0.7740800000000035 0.10625 0.048960000000000004
