0 0.05390625 0.673399999999999 0.021875 0.028
0 0.551953125 0.6340999999999979 0.0265625 0.034
0 0.723046875 0.5681000000000005 0.0296875 0.038
0 0.9109375 0.585200000000001 0.04375 0.056
0 0.698828125 0.4379000000000005 0.0453125 0.058
0 0.462890625 0.3044999999999996 0.0328125 0.042
0 0.921875 0.30480000000000035 0.0375 0.048
0 0.763671875 0.2079000000000001 0.0421875 0.054
1 0.2403125000000002 0.7013800000000042 0.1140625 0.052559999999999996
1 0.29687500000000017 0.2676400000000014 0.146875 0.06767999999999999
1 0.0828125 0.11295999999999999 0.134375 0.061919999999999996
1 0.792968750000006 0.8953200000000078 0.0734375 0.033839999999999995
1 0.53203125 0.76244 0.2015625 0.09287999999999999
1 0.6510937499999987 0.7039599999999979 0.1265625 0.05832
1 0.808125000000004 0.7708800000000036 0.10625 0.048960000000000004
