0 0.05390625 0.6789999999999988 0.021875 0.028
0 0.548828125 0.6408999999999978 0.0265625 0.034
0 0.726171875 0.5757000000000004 0.0296875 0.038
0 0.9140625 0.5964000000000012 0.04375 0.056
0 0.701953125 0.4495000000000005 0.0453125 0.058
0 0.462890625 0.31289999999999957 0.0328125 0.042
0 0.91875 0.3144000000000004 0.0375 0.048
0 0.760546875 0.21870000000000014 0.0421875 0.054
1 0.23500000000000024 0.6979800000000042 0.1140625 0.052559999999999996
1 0.30375000000000013 0.27204000000000134 0.146875 0.06767999999999999
1 0.0890625 0.11696 0.134375 0.061919999999999996
1 0.796406250000006 0.8975200000000079 0.0734375 0.033839999999999995
1 0.54140625 0.75644 0.2015625 0.09287999999999999
1 0.6451562499999988 0.7077599999999978 0.1265625 0.05832
1 0.8131250000000041 0.7676800000000035 0.10625 0.048960000000000004
