0 0.05703125 0.6845999999999988 0.021875 0.028
0 0.545703125 0.6476999999999977 0.0265625 0.034
0 0.729296875 0.5833000000000003 0.0296875 0.038
0 0.9171875 0.6076000000000011 0.04375 0.056
0 0.705078125 0.4611000000000005 0.0453125 0.058
0 0.466015625 0.32129999999999953 0.0328125 0.042
0 0.915625 0.3240000000000004 0.0375 0.048
0 0.757421875 0.22950000000000015 0.0421875 0.054
1 0.22968750000000018 0.694580000000004 0.1140625 0.052559999999999996
1 0.3106250000000001 0.2764400000000013 0.146875 0.06767999999999999
1 0.0953125 0.12096 0.134375 0.061919999999999996
1 0.7998437500000061 0.8997200000000078 0.0734375 0.033839999999999995
1 0.55078125 0.7504400000000001 0.2015625 0.09287999999999999
1 0.6392187499999988 0.7115599999999977 0.1265625 0.05832
1 0.8181250000000041 0.7644800000000034 0.10625 0.048960000000000004
