0 0.06015625 0.6901999999999987 0.021875 0.028
0 0.542578125 0.6544999999999978 0.0265625 0.034
0 0.732421875 0.5909000000000002 0.0296875 0.038
0 0.9171875 0.6188000000000012 0.04375 0.056
0 0.708203125 0.47270000000000056 0.0453125 0.058
0 0.469140625 0.32969999999999955 0.0328125 0.042
0 0.9125 0.3336000000000004 0.0375 0.048
0 0.754296875 0.24030000000000015 0.0421875 0.054
1 0.2243750000000002 0.6911800000000039 0.1140625 0.052559999999999996
1 0.31750000000000006 0.28084000000000126 0.146875 0.06767999999999999
1 0.1015625 0.12495999999999999 0.134375 0.061919999999999996
1 0.8032812500000063 0.9019200000000079 0.0734375 0.033839999999999995
1 0.56015625 0.7444400000000001 0.2015625 0.09287999999999999
1 0.6332812499999989 0.7153599999999978 0.1265625 0.05832
1 0.8231250000000042 0.7612800000000034 0.10625 0.048960000000000004
