0 0.06328125 0.6957999999999986 0.021875 0.028
0 0.542578125 0.6612999999999977 0.0265625 0.034
0 0.735546875 0.5985000000000001 0.0296875 0.038
0 0.9140625 0.6300000000000012 0.04375 0.056
0 0.711328125 0.48430000000000056 0.0453125 0.058
0 0.472265625 0.3380999999999995 0.0328125 0.042
0 0.909375 0.34320000000000045 0.0375 0.048
0 0.751171875 0.25110000000000016 0.0421875 0.054
1 0.21906250000000016 0.6877800000000038 0.1140625 0.052559999999999996
1 0.324375 0.28524000000000127 0.146875 0.06767999999999999
1 0.1078125 0.12896000000000002 0.134375 0.061919999999999996
1 0.8067187500000064 0.9041200000000079 0.0734375 0.033839999999999995
1 0.56953125 0.7384400000000001 0.2015625 0.09287999999999999
1 0.627343749999999 0.7191599999999977 0.1265625 0.05832
1 0.8281250000000042 0.7580800000000033 0.10625 0.048960000000000004
