0 0.06640625 0.7013999999999985 0.021875 0.028
0 0.545703125 0.6680999999999976 0.0265625 0.034
0 0.732421875 0.6061 0.0296875 0.038
0 0.9109375 0.6412000000000013 0.04375 0.056
0 0.714453125 0.4959000000000006 0.0453125 0.058
0 0.475390625 0.3464999999999995 0.0328125 0.042
0 0.90625 0.35280000000000045 0.0375 0.048
0 0.748046875 0.2619000000000002 0.0421875 0.054
1 0.2137500000000002 0.6843800000000038 0.1140625 0.052559999999999996
1 0.33125 0.28964000000000123 0.146875 0.06767999999999999
1 0.1140625 0.13296 0.134375 0.061919999999999996
1 0.8101562500000064 0.906320000000008 0.0734375 0.033839999999999995
1 0.57890625 0.7324400000000001 0.2015625 0.09287999999999999
1 0.621406249999999 0.7229599999999976 0.1265625 0.05832
1 0.8331250000000043 0.7548800000000033 0.10625 0.048960000000000004
