0 0.06953125 0.7069999999999984 0.021875 0.028
0 0.548828125 0.6748999999999976 0.0265625 0.034
0 0.729296875 0.6136999999999999 0.0296875 0.038
0 0.9078125 0.6524000000000013 0.04375 0.056
0 0.711328125 0.5075000000000006 0.0453125 0.058
0 0.478515625 0.35489999999999944 0.0328125 0.042
0 0.909375 0.3624000000000005 0.0375 0.048
0 0.748046875 0.27270000000000016 0.0421875 0.054
1 0.20843750000000014 0.6809800000000037 0.1140625 0.052559999999999996
1 0.33812499999999995 0.2940400000000012 0.146875 0.06767999999999999
1 0.1203125 0.13696 0.134375 0.061919999999999996
1 0.8135937500000064 0.9085200000000081 0.0734375 0.033839999999999995
1 0.58828125 0.7264400000000001 0.2015625 0.09287999999999999
1 0.6154687499999991 0.7267599999999976 0.1265625 0.05832
1 0.8381250000000044 0.7516800000000032 0.10625 0.048960000000000004
