0 0.06953125 0.7125999999999983 0.021875 0.028
0 0.551953125 0.6816999999999975 0.0265625 0.034
0 0.726171875 0.6212999999999999 0.0296875 0.038
0 0.9046875 0.6636000000000014 0.04375 0.056
0 0.708203125 0.5191000000000006 0.0453125 0.058
0 0.478515625 0.36329999999999946 0.0328125 0.042
0 0.9125 0.3720000000000005 0.0375 0.048
0 0.751171875 0.28350000000000014 0.0421875 0.054
1 0.20312500000000017 0.6775800000000035 0.1140625 0.052559999999999996
1 0.3449999999999999 0.2984400000000012 0.146875 0.06767999999999999
1 0.1265625 0.14096 0.134375 0.061919999999999996
1 0.8170312500000065 0.9107200000000081 0.0734375 0.033839999999999995
1 0.59765625 0.7204400000000001 0.2015625 0.09287999999999999
1 0.6095312499999992 0.7305599999999975 0.1265625 0.05832
1 0.8431250000000045 0.7484800000000033 0.10625 0.048960000000000004
