0 0.06640625 0.7181999999999982 0.021875 0.028
0 0.723046875 0.6288999999999998 0.0296875 0.038
0 0.9015625 0.6748000000000014 0.04375 0.056
0 0.705078125 0.5307000000000006 0.0453125 0.058
0 0.475390625 0.3716999999999994 0.0328125 0.042
0 0.915625 0.38160000000000055 0.0375 0.048
0 0.754296875 0.29430000000000006 0.0421875 0.054
1 0.19781250000000014 0.6741800000000034 0.1140625 0.052559999999999996
1 0.3518749999999999 0.30284000000000116 0.146875 0.06767999999999999
1 0.1328125 0.14496 0.134375 0.061919999999999996
1 0.8204687500000066 0.9129200000000082 0.0734375 0.033839999999999995
1 0.60703125 0.7144400000000001 0.2015625 0.09287999999999999
1 0.6035937499999993 0.7343599999999975 0.1265625 0.05832
1 0.8481250000000046 0.7452800000000032 0.10625 0.048960000000000004
