0 0.06328125 0.7237999999999981 0.021875 0.028
0 0.719921875 0.6364999999999996 0.0296875 0.038
0 0.9015625 0.6860000000000015 0.04375 0.056
0 0.701953125 0.5423000000000006 0.0453125 0.058
0 0.472265625 0.3800999999999994 0.0328125 0.042
0 0.91875 0.39120000000000055 0.0375 0.048
0 0.757421875 0.30510000000000004 0.0421875 0.054
1 0.19250000000000014 0.6707800000000034 0.1140625 0.052559999999999996
1 0.35874999999999985 0.3072400000000011 0.146875 0.06767999999999999
1 0.1390625 0.14896 0.134375 0.061919999999999996
1 0.8239062500000067 0.9151200000000081 0.0734375 0.033839999999999995
1 0.61640625 0.7084400000000001 0.2015625 0.09287999999999999
1 0.5976562499999993 0.7381599999999975 0.1265625 0.05832
1 0.8531250000000046 0.7420800000000031 0.10625 0.048960000000000004
