0 0.06015625 0.729399999999998 0.021875 0.028
0 0.716796875 0.6440999999999996 0.0296875 0.038
0 0.9046875 0.6972000000000015 0.04375 0.056
0 0.698828125 0.5539000000000004 0.0453125 0.058
0 0.469140625 0.3884999999999994 0.0328125 0.042
0 0.921875 0.4008000000000006 0.0375 0.048
0 0.760546875 0.31589999999999996 0.0421875 0.054
1 0.18718750000000012 0.6673800000000033 0.1140625 0.052559999999999996
1 0.3656249999999998 0.31164000000000114 0.146875 0.06767999999999999
1 0.1453125 0.15296 0.134375 0.061919999999999996
1 0.8273437500000067 0.9173200000000082 0.0734375 0.033839999999999995
1 0.62578125 0.7024400000000001 0.2015625 0.09287999999999999
1 0.5917187499999994 0.7419599999999974 0.1265625 0.05832
1 0.8581250000000047 0.7388800000000031 0.10625 0.048960000000000004
