0 0.05703125 0.734999999999998 0.021875 0.028
0 0.719921875 0.6516999999999995 0.0296875 0.038
0 0.9078125 0.7084000000000016 0.04375 0.056
0 0.695703125 0.5655000000000003 0.0453125 0.058
0 0.466015625 0.39689999999999936 0.0328125 0.042
0 0.925 0.4104000000000006 0.0375 0.048
0 0.763671875 0.32669999999999993 0.0421875 0.054
0 0.100390625 0.0175 0.0390625 0.05
1 0.18187500000000012 0.6639800000000032 0.1140625 0.052559999999999996
1 0.3724999999999998 0.3160400000000011 0.146875 0.06767999999999999
1 0.1515625 0.15696000000000002 0.134375 0.061919999999999996
1 0.8307812500000068 0.9195200000000083 0.0734375 0.033839999999999995
1 0.63515625 0.6964400000000001 0.2015625 0.09287999999999999
1 0.5857812499999995 0.7457599999999974 0.1265625 0.05832
1 0.8631250000000048 0.735680000000003 0.10625 0.048960000000000004
