0 0.05390625 0.7405999999999978 0.021875 0.028
0 0.9109375 0.7196000000000016 0.04375 0.056
0 0.698828125 0.5771000000000003 0.0453125 0.058
0 0.462890625 0.4052999999999993 0.0328125 0.042
0 0.921875 0.42000000000000065 0.0375 0.048
0 0.763671875 0.3374999999999999 0.0421875 0.054
0 0.103515625 0.0275 0.0390625 0.05
1 0.17656250000000012 0.6605800000000032 0.1140625 0.052559999999999996
1 0.37937499999999974 0.32044000000000106 0.146875 0.06767999999999999
1 0.1578125 0.16096000000000002 0.134375 0.061919999999999996
1 0.8342187500000069 0.9217200000000083 0.0734375 0.033839999999999995
1 0.64453125 0.69044 0.2015625 0.09287999999999999
1 0.5798437499999995 0.7495599999999973 0.1265625 0.05832
1 0.8681250000000048 0.732480000000003 0.10625 0.048960000000000004
