0 0.05390625 0.7461999999999978 0.021875 0.028
0 0.548828125 0.7224999999999973 0.0265625 0.034
0 0.9140625 0.7308000000000017 0.04375 0.056
0 0.701953125 0.5887000000000001 0.0453125 0.058
0 0.91875 0.42960000000000065 0.0375 0.048
0 0.760546875 0.34829999999999983 0.0421875 0.054
0 0.106640625 0.0375 0.0390625 0.05
1 0.1712500000000001 0.657180000000003 0.1140625 0.052559999999999996
1 0.3862499999999997 0.3248400000000011 0.146875 0.06767999999999999
1 0.1640625 0.16496 0.134375 0.061919999999999996
1 0.8376562500000068 0.9239200000000084 0.0734375 0.033839999999999995
1 0.65390625 0.68444 0.2015625 0.09287999999999999
1 0.5739062499999996 0.7533599999999973 0.1265625 0.05832
1 0.8731250000000049 0.7292800000000029 0.10625 0.048960000000000004
