0 0.05703125 0.7517999999999977 0.021875 0.028
0 0.545703125 0.7292999999999972 0.0265625 0.034
0 0.9171875 0.7420000000000017 0.04375 0.056
0 0.705078125 0.6003000000000001 0.0453125 0.058
0 0.915625 0.43920000000000065 0.0375 0.048
0 0.757421875 0.3590999999999998 0.0421875 0.054
0 0.109765625 0.0475 0.0390625 0.05
1 0.1659375000000001 0.6537800000000029 0.1140625 0.052559999999999996
1 0.39312499999999967 0.32924000000000103 0.146875 0.06767999999999999
1 0.1703125 0.16896 0.134375 0.061919999999999996
1 0.8410937500000069 0.9217200000000083 0.0734375 0.033839999999999995
1 0.66328125 0.67844 0.2015625 0.09287999999999999
1 0.5679687499999997 0.7571599999999973 0.1265625 0.05832
1 0.8781250000000049 0.7260800000000028 0.10625 0.048960000000000004
