0 0.06015625 0.7573999999999976 0.021875 0.028
0 0.542578125 0.7360999999999972 0.0265625 0.034
0 0.9171875 0.7532000000000018 0.04375 0.056
0 0.708203125 0.6119 0.0453125 0.058
0 0.9125 0.4488000000000007 0.0375 0.048
0 0.754296875 0.36989999999999973 0.0421875 0.054
0 0.112890625 0.0575 0.0390625 0.05
1 0.16062500000000007 0.6503800000000028 0.1140625 0.052559999999999996
1 0.39999999999999963 0.333640000000001 0.146875 0.06767999999999999
1 0.1765625 0.17296 0.134375 0.061919999999999996
1 0.844531250000007 0.9195200000000083 0.0734375 0.033839999999999995
1 0.67265625 0.67244 0.2015625 0.09287999999999999
1 0.5620312499999998 0.7609599999999972 0.1265625 0.05832
1 0.883125000000005 0.7228800000000029 0.10625 0.048960000000000004
