0 0.67578125 0.8861999999999955 0.021875 0.028
0 0.06328125 0.7629999999999975 0.021875 0.028
0 0.9140625 0.7644000000000017 0.04375 0.056
0 0.711328125 0.6234999999999998 0.0453125 0.058
0 0.909375 0.4584000000000007 0.0375 0.048
0 0.751171875 0.3806999999999997 0.0421875 0.054
0 0.116015625 0.0675 0.0390625 0.05
1 0.15531250000000008 0.6469800000000028 0.1140625 0.052559999999999996
1 0.4068749999999996 0.338040000000001 0.146875 0.06767999999999999
1 0.1828125 0.17696 0.134375 0.061919999999999996
1 0.847968750000007 0.9173200000000082 0.0734375 0.033839999999999995
1 0.68203125 0.66644 0.2015625 0.09287999999999999
1 0.5560937499999998 0.7647599999999971 0.1265625 0.05832
1 0.8881250000000052 0.7196800000000028 0.10625 0.048960000000000004
