0 0.67890625 0.8917999999999954 0.021875 0.028
0 0.06640625 0.7685999999999974 0.021875 0.028
0 0.9109375 0.7756000000000018 0.04375 0.056
0 0.90625 0.46800000000000075 0.0375 0.048
0 0.748046875 0.3914999999999997 0.0421875 0.054
0 0.112890625 0.0775 0.0390625 0.05
1 0.15000000000000008 0.6435800000000027 0.1140625 0.052559999999999996
1 0.41374999999999956 0.34244000000000097 0.146875 0.06767999999999999
1 0.1890625 0.18096 0.134375 0.061919999999999996
1 0.851406250000007 0.9151200000000081 0.0734375 0.033839999999999995
1 0.69140625 0.66044 0.2015625 0.09287999999999999
1 0.5501562499999999 0.7685599999999971 0.1265625 0.05832
1 0.8931250000000052 0.7164800000000028 0.10625 0.048960000000000004
