0 0.68203125 0.8973999999999953 0.021875 0.028
0 0.06953125 0.7741999999999973 0.021875 0.028
0 0.9078125 0.7868000000000019 0.04375 0.056
0 0.909375 0.47760000000000075 0.0375 0.048
0 0.748046875 0.4022999999999996 0.0421875 0.054
0 0.109765625 0.0875 0.0390625 0.05
1 0.14468750000000005 0.6401800000000025 0.1140625 0.052559999999999996
1 0.4206249999999995 0.3468400000000009 0.146875 0.06767999999999999
1 0.1953125 0.18496 0.134375 0.061919999999999996
1 0.8548437500000071 0.9129200000000082 0.0734375 0.033839999999999995
1 0.70078125 0.65444 0.2015625 0.09287999999999999
1 0.54421875 0.772359999999997 0.1265625 0.05832
1 0.8981250000000053 0.7132800000000027 0.10625 0.048960000000000004
