0 0.68515625 0.9029999999999953 0.021875 0.028
0 0.06953125 0.7797999999999973 0.021875 0.028
0 0.9046875 0.7980000000000019 0.04375 0.056
0 0.9125 0.4872000000000008 0.0375 0.048
0 0.751171875 0.4130999999999996 0.0421875 0.054
0 0.106640625 0.0975 0.0390625 0.05
0 0.0421875 0.0108 0.01875 0.024
1 0.13937500000000005 0.6367800000000025 0.1140625 0.052559999999999996
1 0.4274999999999995 0.35124000000000094 0.146875 0.06767999999999999
1 0.2015625 0.18896000000000002 0.134375 0.061919999999999996
1 0.8582812500000072 0.9107200000000081 0.0734375 0.033839999999999995
1 0.71015625 0.64844 0.2015625 0.09287999999999999
1 0.53828125 0.776159999999997 0.1265625 0.05832
1 0.9031250000000053 0.7100800000000027 0.10625 0.048960000000000004
