0 0.68828125 0.9085999999999952 0.021875 0.028
0 0.06640625 0.7853999999999971 0.021875 0.028
0 0.9015625 0.809200000000002 0.04375 0.056
0 0.915625 0.4968000000000008 0.0375 0.048
0 0.754296875 0.4238999999999995 0.0421875 0.054
0 0.103515625 0.1075 0.0390625 0.05
0 0.0453125 0.0156 0.01875 0.024
1 0.13406250000000003 0.6333800000000024 0.1140625 0.052559999999999996
1 0.43437499999999946 0.3556400000000009 0.146875 0.06767999999999999
1 0.2078125 0.19296000000000002 0.134375 0.061919999999999996
1 0.8617187500000073 0.9085200000000081 0.0734375 0.033839999999999995
1 0.71953125 0.64244 0.2015625 0.09287999999999999
1 0.5323437500000001 0.779959999999997 0.1265625 0.05832
1 0.9081250000000054 0.7068800000000026 0.10625 0.048960000000000004
