0 0.68828125 0.914199999999995 0.021875 0.028
0 0.06328125 0.790999999999997 0.021875 0.028
0 0.9015625 0.820400000000002 0.04375 0.056
0 0.91875 0.5064000000000008 0.0375 0.048
0 0.757421875 0.4346999999999995 0.0421875 0.054
0 0.100390625 0.1175 0.0390625 0.05
0 0.0484375 0.020399999999999998 0.01875 0.024
1 0.12875000000000003 0.6299800000000023 0.1140625 0.052559999999999996
1 0.4412499999999994 0.36004000000000086 0.146875 0.06767999999999999
1 0.2140625 0.19696 0.134375 0.061919999999999996
1 0.8651562500000074 0.906320000000008 0.0734375 0.033839999999999995
1 0.72890625 0.63644 0.2015625 0.09287999999999999
1 0.5264062500000002 0.7837599999999969 0.1265625 0.05832
1 0.9131250000000055 0.7036800000000025 0.10625 0.048960000000000004
