0 0.68515625 0.919799999999995 0.021875 0.028
0 0.06015625 0.796599999999997 0.021875 0.028
0 0.9046875 0.8316000000000021 0.04375 0.056
0 0.921875 0.5160000000000009 0.0375 0.048
0 0.760546875 0.44549999999999945 0.0421875 0.054
0 0.097265625 0.1275 0.0390625 0.05
0 0.0515625 0.0252 0.01875 0.024
1 0.12343750000000002 0.6265800000000022 0.1140625 0.052559999999999996
1 0.4481249999999994 0.3644400000000009 0.146875 0.06767999999999999
1 0.2203125 0.20096 0.134375 0.061919999999999996
1 0.8685937500000074 0.9041200000000079 0.0734375 0.033839999999999995
1 0.73828125 0.63044 0.2015625 0.09287999999999999
1 0.5204687500000003 0.7875599999999969 0.1265625 0.05832
1 0.9181250000000055 0.7004800000000025 0.10625 0.048960000000000004
