0 0.68203125 0.9253999999999949 0.021875 0.028
0 0.05703125 0.8021999999999969 0.021875 0.028
0 0.9078125 0.8428000000000021 0.04375 0.056
0 0.925 0.5256000000000008 0.0375 0.048
0 0.763671875 0.4562999999999994 0.0421875 0.054
0 0.100390625 0.1375 0.0390625 0.05
0 0.0546875 0.029999999999999995 0.01875 0.024
1 0.11812500000000001 0.6231800000000021 0.1140625 0.052559999999999996
1 0.45499999999999935 0.36884000000000083 0.146875 0.06767999999999999
1 0.2265625 0.20496 0.134375 0.061919999999999996
1 0.8720312500000075 0.9019200000000079 0.0734375 0.033839999999999995
1 0.74765625 0.6244400000000001 0.2015625 0.09287999999999999
1 0.5145312500000003 0.7913599999999968 0.1265625 0.05832
1 0.9231250000000056 0.6972800000000025 0.10625 0.048960000000000004
