0 0.67890625 0.9309999999999947 0.021875 0.028
0 0.05390625 0.8077999999999967 0.021875 0.028
0 0.9109375 0.8540000000000022 0.04375 0.056
0 0.921875 0.5352000000000007 0.0375 0.048
0 0.763671875 0.46709999999999935 0.0421875 0.054
0 0.103515625 0.1475 0.0390625 0.05
0 0.0546875 0.0348 0.01875 0.024
1 0.11281250000000001 0.619780000000002 0.1140625 0.052559999999999996
1 0.4618749999999993 0.3732400000000008 0.146875 0.06767999999999999
1 0.2328125 0.20896 0.134375 0.061919999999999996
1 0.8754687500000076 0.8997200000000078 0.0734375 0.033839999999999995
1 0.75703125 0.6184400000000001 0.2015625 0.09287999999999999
1 0.5085937500000004 0.7951599999999968 0.1265625 0.05832
1 0.9281250000000056 0.6940800000000025 0.10625 0.048960000000000004
