0 0.67578125 0.9365999999999947 0.021875 0.028
0 0.05390625 0.8133999999999967 0.021875 0.028
0 0.9140625 0.8652000000000022 0.04375 0.056
0 0.91875 0.5448000000000006 0.0375 0.048
0 0.760546875 0.47789999999999927 0.0421875 0.054
0 0.106640625 0.1575 0.0390625 0.05
0 0.0515625 0.039599999999999996 0.01875 0.024
1 0.1075 0.6163800000000019 0.1140625 0.052559999999999996
1 0.4687499999999993 0.3776400000000008 0.146875 0.06767999999999999
1 0.2390625 0.21296 0.134375 0.061919999999999996
1 0.8789062500000077 0.8975200000000079 0.0734375 0.033839999999999995
1 0.76640625 0.6124400000000001 0.2015625 0.09287999999999999
1 0.5026562500000005 0.7989599999999968 0.1265625 0.05832
1 0.9331250000000058 0.6908800000000024 0.10625 0.048960000000000004
