0 0.67265625 0.9421999999999946 0.021875 0.028
0 0.05703125 0.8189999999999966 0.021875 0.028
0 0.9171875 0.8764000000000023 0.04375 0.056
0 0.915625 0.5544000000000006 0.0375 0.048
0 0.757421875 0.48869999999999925 0.0421875 0.054
0 0.109765625 0.1675 0.0390625 0.05
0 0.0484375 0.04439999999999999 0.01875 0.024
1 0.10218750000000001 0.6129800000000019 0.1140625 0.052559999999999996
1 0.47562499999999924 0.38204000000000077 0.146875 0.06767999999999999
1 0.2453125 0.21696000000000001 0.134375 0.061919999999999996
1 0.8823437500000078 0.8953200000000078 0.0734375 0.033839999999999995
1 0.77578125 0.6064400000000001 0.2015625 0.09287999999999999
1 0.4967187500000005 0.8027599999999967 0.1265625 0.05832
1 0.9381250000000059 0.6876800000000023 0.10625 0.048960000000000004
