0 0.67265625 0.9477999999999945 0.021875 0.028
0 0.06015625 0.8245999999999964 0.021875 0.028
0 0.9171875 0.8876000000000023 0.04375 0.056
0 0.9125 0.5640000000000005 0.0375 0.048
0 0.754296875 0.4994999999999992 0.0421875 0.054
0 0.112890625 0.1775 0.0390625 0.05
0 0.0453125 0.04919999999999999 0.01875 0.024
1 0.096875 0.6095800000000018 0.1140625 0.052559999999999996
1 0.4824999999999992 0.3864400000000007 0.146875 0.06767999999999999
1 0.2515625 0.22096000000000002 0.134375 0.061919999999999996
1 0.8857812500000077 0.8931200000000077 0.0734375 0.033839999999999995
1 0.78515625 0.6004400000000001 0.2015625 0.09287999999999999
1 0.49078125000000056 0.8065599999999966 0.1265625 0.05832
1 0.9431250000000059 0.6844800000000023 0.10625 0.048960000000000004
