0 0.67578125 0.9533999999999944 0.021875 0.028
0 0.06328125 0.8301999999999964 0.021875 0.028
0 0.9140625 0.8988000000000024 0.04375 0.056
0 0.909375 0.5736000000000003 0.0375 0.048
0 0.751171875 0.5102999999999992 0.0421875 0.054
0 0.116015625 0.1875 0.0390625 0.05
0 0.0421875 0.053999999999999986 0.01875 0.024
1 0.0915625 0.6061800000000016 0.1140625 0.052559999999999996
1 0.48937499999999917 0.3908400000000007 0.146875 0.06767999999999999
1 0.2578125 0.22496000000000002 0.134375 0.061919999999999996
1 0.8892187500000078 0.8909200000000077 0.0734375 0.033839999999999995
1 0.79453125 0.5944400000000001 0.2015625 0.09287999999999999
1 0.48484375000000063 0.8103599999999966 0.1265625 0.05832
1 0.948125000000006 0.6812800000000022 0.10625 0.048960000000000004
