0 0.67890625 0.9589999999999943 0.021875 0.028
0 0.06640625 0.8357999999999963 0.021875 0.028
0 0.9109375 0.9100000000000024 0.04375 0.056
0 0.748046875 0.5210999999999991 0.0421875 0.054
0 0.112890625 0.1975 0.0390625 0.05
0 0.0390625 0.058799999999999984 0.01875 0.024
1 0.08625000000000001 0.6027800000000015 0.1140625 0.052559999999999996
1 0.49624999999999914 0.3952400000000007 0.146875 0.06767999999999999
1 0.2640625 0.22896 0.134375 0.061919999999999996
1 0.8926562500000079 0.8887200000000076 0.0734375 0.033839999999999995
1 0.80390625 0.5884400000000001 0.2015625 0.09287999999999999
1 0.4789062500000007 0.8141599999999966 0.1265625 0.05832
1 0.9431250000000059 0.6780800000000022 0.10625 0.048960000000000004
