0 0.68203125 0.9645999999999942 0.021875 0.028
0 0.06953125 0.8413999999999963 0.021875 0.028
0 0.9078125 0.9212000000000025 0.04375 0.056
0 0.748046875 0.531899999999999 0.0421875 0.054
0 0.109765625 0.2075 0.0390625 0.05
0 0.0390625 0.06359999999999998 0.01875 0.024
1 0.08093750000000001 0.5993800000000015 0.1140625 0.052559999999999996
1 0.5031249999999992 0.39964000000000066 0.146875 0.06767999999999999
1 0.2703125 0.23296 0.134375 0.061919999999999996
1 0.896093750000008 0.8865200000000076 0.0734375 0.033839999999999995
1 0.81328125 0.5824400000000001 0.2015625 0.09287999999999999
1 0.47296875000000077 0.8179599999999965 0.1265625 0.05832
1 0.9381250000000059 0.6748800000000021 0.10625 0.048960000000000004
