0 0.68515625 0.9701999999999942 0.021875 0.028
0 0.06953125 0.8469999999999961 0.021875 0.028
0 0.726171875 0.8036999999999976 0.0296875 0.038
0 0.9046875 0.9324000000000024 0.04375 0.056
0 0.751171875 0.5426999999999991 0.0421875 0.054
0 0.106640625 0.2175 0.0390625 0.05
0 0.0421875 0.06839999999999997 0.01875 0.024
1 0.07562500000000001 0.5959800000000014 0.1140625 0.052559999999999996
1 0.5099999999999991 0.4040400000000006 0.146875 0.06767999999999999
1 0.2765625 0.23696 0.134375 0.061919999999999996
1 0.8995312500000081 0.8843200000000075 0.0734375 0.033839999999999995
1 0.82265625 0.5764400000000001 0.2015625 0.09287999999999999
1 0.46703125000000084 0.8217599999999965 0.1265625 0.05832
1 0.9331250000000058 0.6716800000000022 0.10625 0.048960000000000004
