0 0.68828125 0.975799999999994 0.021875 0.028
0 0.06640625 0.852599999999996 0.021875 0.028
0 0.723046875 0.8112999999999976 0.0296875 0.038
0 0.9015625 0.9436000000000025 0.04375 0.056
0 0.103515625 0.2275 0.0390625 0.05
0 0.0453125 0.07319999999999999 0.01875 0.024
1 0.07031250000000001 0.5925800000000013 0.1140625 0.052559999999999996
1 0.5168749999999991 0.40844000000000064 0.146875 0.06767999999999999
1 0.2828125 0.24096 0.134375 0.061919999999999996
1 0.9029687500000081 0.8821200000000075 0.0734375 0.033839999999999995
1 0.83203125 0.5704400000000001 0.2015625 0.09287999999999999
1 0.4610937500000009 0.8255599999999964 0.1265625 0.05832
1 0.9281250000000056 0.6684800000000021 0.10625 0.048960000000000004
