0 0.68828125 0.9813999999999939 0.021875 0.028
0 0.06328125 0.858199999999996 0.021875 0.028
0 0.719921875 0.8188999999999975 0.0296875 0.038
0 0.9015625 0.9548000000000025 0.04375 0.056
0 0.100390625 0.2375 0.0390625 0.05
0 0.0484375 0.078 0.01875 0.024
1 0.06500000000000002 0.5891800000000011 0.1140625 0.052559999999999996
1 0.523749999999999 0.4128400000000006 0.146875 0.06767999999999999
1 0.2890625 0.24496 0.134375 0.061919999999999996
1 0.9064062500000082 0.8799200000000075 0.0734375 0.033839999999999995
1 0.84140625 0.56444 0.2015625 0.09287999999999999
1 0.4551562500000008 0.8293599999999963 0.1265625 0.05832
1 0.9231250000000056 0.665280000000002 0.10625 0.048960000000000004
