0 0.68515625 0.9869999999999939 0.021875 0.028
0 0.06015625 0.8637999999999959 0.021875 0.028
0 0.716796875 0.8264999999999973 0.0296875 0.038
0 0.9046875 0.9660000000000026 0.04375 0.056
0 0.097265625 0.2475 0.0390625 0.05
0 0.0515625 0.08280000000000001 0.01875 0.024
1 0.059687500000000004 0.5857800000000011 0.1140625 0.052559999999999996
1 0.530624999999999 0.41724000000000055 0.146875 0.06767999999999999
1 0.2953125 0.24896000000000001 0.134375 0.061919999999999996
1 0.9098437500000083 0.8777200000000074 0.0734375 0.033839999999999995
1 0.85078125 0.55844 0.2015625 0.09287999999999999
1 0.4492187500000009 0.8331599999999963 0.1265625 0.05832
1 0.9181250000000055 0.662080000000002 0.10625 0.048960000000000004
