0 0.68203125 0.9925999999999938 0.021875 0.028
0 0.05703125 0.8693999999999957 0.021875 0.028
0 0.719921875 0.8340999999999973 0.0296875 0.038
0 0.9078125 0.9772000000000026 0.04375 0.056
0 0.100390625 0.2575 0.0390625 0.05
0 0.0546875 0.08760000000000003 0.01875 0.024
1 0.05437500000000001 0.582380000000001 0.1140625 0.052559999999999996
1 0.537499999999999 0.42164000000000057 0.146875 0.06767999999999999
1 0.3015625 0.25296 0.134375 0.061919999999999996
1 0.9132812500000084 0.8755200000000074 0.0734375 0.033839999999999995
1 0.86015625 0.55244 0.2015625 0.09287999999999999
1 0.4432812500000008 0.8369599999999963 0.1265625 0.05832
1 0.9131250000000055 0.6588800000000019 0.10625 0.048960000000000004
