0 0.67890625 0.9981999999999936 0.021875 0.028
0 0.05390625 0.8749999999999957 0.021875 0.028
0 0.723046875 0.8416999999999972 0.0296875 0.038
0 0.9109375 0.9884000000000027 0.04375 0.056
0 0.103515625 0.2675 0.0390625 0.05
0 0.0546875 0.09240000000000004 0.01875 0.024
1 0.059687500000000004 0.5789800000000009 0.1140625 0.052559999999999996
1 0.5443749999999989 0.42604000000000053 0.146875 0.06767999999999999
1 0.3078125 0.25695999999999997 0.134375 0.061919999999999996
1 0.9167187500000085 0.8733200000000073 0.0734375 0.033839999999999995
1 0.86953125 0.54644 0.2015625 0.09287999999999999
1 0.43734375000000086 0.8407599999999963 0.1265625 0.05832
1 0.9081250000000054 0.6556800000000019 0.10625 0.048960000000000004
