0 0.67578125 1.0037999999999936 0.021875 0.028
0 0.05390625 0.8805999999999956 0.021875 0.028
0 0.726171875 0.8492999999999971 0.0296875 0.038
0 0.9140625 0.9996000000000027 0.04375 0.056
0 0.106640625 0.2775 0.0390625 0.05
0 0.0515625 0.09720000000000005 0.01875 0.024
1 0.06500000000000002 0.5755800000000009 0.1140625 0.052559999999999996
1 0.5512499999999989 0.4304400000000005 0.146875 0.06767999999999999
1 0.3140625 0.26095999999999997 0.134375 0.061919999999999996
1 0.9201562500000084 0.8711200000000073 0.0734375 0.033839999999999995
1 0.87890625 0.54044 0.2015625 0.09287999999999999
1 0.43140625000000077 0.8445599999999962 0.1265625 0.05832
1 0.9031250000000053 0.6556800000000019 0.10625 0.048960000000000004
