0 0.05703125 0.8861999999999955 0.021875 0.028
0 0.729296875 0.856899999999997 0.0296875 0.038
0 0.9171875 1.0108000000000028 0.04375 0.056
0 0.109765625 0.2875 0.0390625 0.05
0 0.0484375 0.10200000000000006 0.01875 0.024
1 0.07031250000000001 0.5721800000000008 0.1140625 0.052559999999999996
1 0.5581249999999989 0.4348400000000005 0.146875 0.06767999999999999
1 0.3203125 0.26496 0.134375 0.061919999999999996
1 0.9235937500000085 0.8689200000000072 0.0734375 0.033839999999999995
1 0.88828125 0.53444 0.2015625 0.09287999999999999
1 0.42546875000000084 0.8483599999999961 0.1265625 0.05832
1 0.8981250000000053 0.6588800000000019 0.10625 0.048960000000000004
