0 0.06015625 0.8917999999999954 0.021875 0.028
0 0.732421875 0.8644999999999969 0.0296875 0.038
0 0.112890625 0.2975 0.0390625 0.05
0 0.0453125 0.10680000000000006 0.01875 0.024
1 0.07562500000000001 0.5687800000000006 0.1140625 0.052559999999999996
1 0.5649999999999988 0.43924000000000046 0.146875 0.06767999999999999
1 0.3265625 0.26896 0.134375 0.061919999999999996
1 0.9270312500000086 0.8667200000000072 0.0734375 0.033839999999999995
1 0.89765625 0.52844 0.2015625 0.09287999999999999
1 0.4195312500000007 0.8521599999999961 0.1265625 0.05832
1 0.8931250000000052 0.662080000000002 0.10625 0.048960000000000004
