0 0.06328125 0.8973999999999953 0.021875 0.028
0 0.735546875 0.8720999999999969 0.0296875 0.038
0 0.116015625 0.3075 0.0390625 0.05
0 0.0421875 0.11160000000000007 0.01875 0.024
1 0.08093750000000001 0.5653800000000005 0.1140625 0.052559999999999996
1 0.5718749999999988 0.4436400000000004 0.146875 0.06767999999999999
1 0.3328125 0.27296 0.134375 0.061919999999999996
1 0.9304687500000087 0.8645200000000072 0.0734375 0.033839999999999995
1 0.89765625 0.52244 0.2015625 0.09287999999999999
1 0.41359375000000076 0.8559599999999961 0.1265625 0.05832
1 0.8881250000000052 0.665280000000002 0.10625 0.048960000000000004
