0 0.06640625 0.9029999999999953 0.021875 0.028
0 0.732421875 0.8796999999999967 0.0296875 0.038
0 0.112890625 0.3175 0.0390625 0.05
0 0.0390625 0.11640000000000009 0.01875 0.024
1 0.08625000000000001 0.5619800000000005 0.1140625 0.052559999999999996
1 0.5787499999999988 0.44804000000000044 0.146875 0.06767999999999999
1 0.3390625 0.27696 0.134375 0.061919999999999996
1 0.9339062500000088 0.8623200000000071 0.0734375 0.033839999999999995
1 0.88828125 0.51644 0.2015625 0.09287999999999999
1 0.40765625000000066 0.859759999999996 0.1265625 0.05832
1 0.883125000000005 0.6684800000000021 0.10625 0.048960000000000004
