0 0.06953125 0.9085999999999952 0.021875 0.028
0 0.729296875 0.8872999999999966 0.0296875 0.038
0 0.109765625 0.3275 0.0390625 0.05
0 0.0390625 0.1212000000000001 0.01875 0.024
1 0.0915625 0.5585800000000004 0.1140625 0.052559999999999996
1 0.5856249999999987 0.4524400000000004 0.146875 0.06767999999999999
1 0.3453125 0.28096 0.134375 0.061919999999999996
1 0.9373437500000088 0.8601200000000071 0.0734375 0.033839999999999995
1 0.87890625 0.51044 0.2015625 0.09287999999999999
1 0.40171875000000073 0.863559999999996 0.1265625 0.05832
1 0.8781250000000049 0.6716800000000022 0.10625 0.048960000000000004
