0 0.06953125 0.914199999999995 0.021875 0.028
0 0.726171875 0.8948999999999966 0.0296875 0.038
0 0.106640625 0.3375 0.0390625 0.05
0 0.0421875 0.1260000000000001 0.01875 0.024
1 0.096875 0.5551800000000003 0.1140625 0.052559999999999996
1 0.5924999999999987 0.45684000000000036 0.146875 0.06767999999999999
1 0.3515625 0.28496 0.134375 0.061919999999999996
1 0.9407812500000089 0.857920000000007 0.0734375 0.033839999999999995
1 0.86953125 0.50444 0.2015625 0.09287999999999999
1 0.3957812500000007 0.8673599999999959 0.1265625 0.05832
1 0.8731250000000049 0.6748800000000021 0.10625 0.048960000000000004
