0 0.06640625 0.919799999999995 0.021875 0.028
0 0.723046875 0.9024999999999965 0.0296875 0.038
0 0.915625 0.727199999999999 0.0375 0.048
0 0.103515625 0.3475 0.0390625 0.05
0 0.0453125 0.13080000000000014 0.01875 0.024
1 0.10218750000000001 0.5517800000000002 0.1140625 0.052559999999999996
1 0.5993749999999987 0.46124000000000037 0.146875 0.06767999999999999
1 0.3578125 0.28896 0.134375 0.061919999999999996
1 0.944218750000009 0.8557200000000069 0.0734375 0.033839999999999995
1 0.86015625 0.49844 0.2015625 0.09287999999999999
1 0.38984375000000066 0.863559999999996 0.1265625 0.05832
1 0.8681250000000048 0.6780800000000022 0.10625 0.048960000000000004
