0 0.06328125 0.9253999999999949 0.021875 0.028
0 0.719921875 0.9100999999999964 0.0296875 0.038
0 0.91875 0.7367999999999988 0.0375 0.048
0 0.100390625 0.3575 0.0390625 0.05
0 0.0484375 0.13560000000000014 0.01875 0.024
1 0.1075 0.5483800000000001 0.1140625 0.052559999999999996
1 0.6062499999999986 0.46564000000000033 0.146875 0.06767999999999999
1 0.3640625 0.29296 0.134375 0.061919999999999996
1 0.9476562500000091 0.8535200000000069 0.0734375 0.033839999999999995
1 0.85078125 0.49244 0.2015625 0.09287999999999999
1 0.38390625000000067 0.859759999999996 0.1265625 0.05832
1 0.8631250000000048 0.6812800000000022 0.10625 0.048960000000000004
