0 0.06015625 0.9309999999999947 0.021875 0.028
0 0.716796875 0.9176999999999963 0.0296875 0.038
0 0.921875 0.7463999999999987 0.0375 0.048
0 0.097265625 0.3675 0.0390625 0.05
0 0.0515625 0.14040000000000014 0.01875 0.024
1 0.11281250000000001 0.54498 0.1140625 0.052559999999999996
1 0.6131249999999986 0.4700400000000003 0.146875 0.06767999999999999
1 0.3703125 0.29696 0.134375 0.061919999999999996
1 0.9510937500000092 0.8513200000000068 0.0734375 0.033839999999999995
1 0.84140625 0.48644 0.2015625 0.09287999999999999
1 0.37796875000000063 0.8559599999999961 0.1265625 0.05832
1 0.8581250000000047 0.6844800000000023 0.10625 0.048960000000000004
