0 0.05703125 0.9365999999999947 0.021875 0.028
0 0.719921875 0.9252999999999962 0.0296875 0.038
0 0.925 0.7559999999999987 0.0375 0.048
0 0.100390625 0.3775 0.0390625 0.05
0 0.0546875 0.14520000000000016 0.01875 0.024
1 0.11812500000000001 0.54158 0.1140625 0.052559999999999996
1 0.6199999999999986 0.4744400000000003 0.146875 0.06767999999999999
1 0.3765625 0.30096 0.134375 0.061919999999999996
1 0.9545312500000092 0.8491200000000069 0.0734375 0.033839999999999995
1 0.83203125 0.48044 0.2015625 0.09287999999999999
1 0.3720312500000006 0.8521599999999961 0.1265625 0.05832
1 0.8531250000000046 0.6876800000000023 0.10625 0.048960000000000004
