0 0.05390625 0.9421999999999946 0.021875 0.028
0 0.723046875 0.9328999999999961 0.0296875 0.038
0 0.921875 0.7655999999999985 0.0375 0.048
0 0.103515625 0.3875 0.0390625 0.05
0 0.0546875 0.15000000000000016 0.01875 0.024
1 0.12343750000000002 0.53818 0.1140625 0.052559999999999996
1 0.6268749999999985 0.47884000000000027 0.146875 0.06767999999999999
1 0.3828125 0.30495999999999995 0.134375 0.061919999999999996
1 0.9579687500000093 0.8469200000000068 0.0734375 0.033839999999999995
1 0.82265625 0.47444 0.2015625 0.09287999999999999
1 0.3660937500000006 0.8483599999999961 0.1265625 0.05832
1 0.8481250000000046 0.6908800000000024 0.10625 0.048960000000000004
