0 0.05390625 0.9477999999999945 0.021875 0.028
0 0.726171875 0.940499999999996 0.0296875 0.038
0 0.91875 0.7751999999999984 0.0375 0.048
0 0.106640625 0.3975 0.0390625 0.05
0 0.0515625 0.1548000000000002 0.01875 0.024
1 0.12875000000000003 0.5347799999999999 0.1140625 0.052559999999999996
1 0.6337499999999985 0.4832400000000002 0.146875 0.06767999999999999
1 0.3890625 0.30895999999999996 0.134375 0.061919999999999996
1 0.9614062500000093 0.8447200000000067 0.0734375 0.033839999999999995
1 0.81328125 0.46844 0.2015625 0.09287999999999999
1 0.36015625000000057 0.8445599999999962 0.1265625 0.05832
1 0.8431250000000045 0.6940800000000025 0.10625 0.048960000000000004
