0 0.05703125 0.9533999999999944 0.021875 0.028
0 0.729296875 0.948099999999996 0.0296875 0.038
0 0.915625 0.7847999999999984 0.0375 0.048
0 0.109765625 0.4075 0.0390625 0.05
0 0.0484375 0.1596000000000002 0.01875 0.024
1 0.13406250000000003 0.53138 0.1140625 0.052559999999999996
1 0.6406249999999984 0.48764000000000024 0.146875 0.06767999999999999
1 0.3953125 0.31295999999999996 0.134375 0.061919999999999996
1 0.9648437500000094 0.8425200000000067 0.0734375 0.033839999999999995
1 0.80390625 0.46244 0.2015625 0.09287999999999999
1 0.3542187500000006 0.8407599999999963 0.1265625 0.05832
1 0.8381250000000044 0.6972800000000025 0.10625 0.048960000000000004
