0 0.06015625 0.9589999999999943 0.021875 0.028
0 0.732421875 0.9556999999999959 0.0296875 0.038
0 0.9125 0.7943999999999982 0.0375 0.048
0 0.112890625 0.4175 0.0390625 0.05
0 0.0453125 0.1644000000000002 0.01875 0.024
1 0.13937500000000005 0.52798 0.1140625 0.052559999999999996
1 0.6474999999999984 0.4920400000000002 0.146875 0.06767999999999999
1 0.4015625 0.31695999999999996 0.134375 0.061919999999999996
1 0.9614062500000093 0.8403200000000066 0.0734375 0.033839999999999995
1 0.79453125 0.45644 0.2015625 0.09287999999999999
1 0.34828125000000054 0.8369599999999963 0.1265625 0.05832
1 0.8331250000000043 0.7004800000000025 0.10625 0.048960000000000004
