0 0.06328125 0.9645999999999942 0.021875 0.028
0 0.735546875 0.9632999999999957 0.0296875 0.038
0 0.909375 0.8039999999999982 0.0375 0.048
0 0.116015625 0.4275 0.0390625 0.05
0 0.0421875 0.1692000000000002 0.01875 0.024
1 0.14468750000000005 0.52458 0.1140625 0.052559999999999996
1 0.6543749999999984 0.49644000000000016 0.146875 0.06767999999999999
1 0.4078125 0.32095999999999997 0.134375 0.061919999999999996
1 0.9579687500000093 0.8381200000000066 0.0734375 0.033839999999999995
1 0.78515625 0.45044 0.2015625 0.09287999999999999
1 0.3423437500000005 0.8331599999999963 0.1265625 0.05832
1 0.8281250000000042 0.7036800000000025 0.10625 0.048960000000000004
