0 0.06640625 0.9701999999999942 0.021875 0.028
0 0.732421875 0.9708999999999957 0.0296875 0.038
0 0.90625 0.8135999999999981 0.0375 0.048
0 0.112890625 0.4375 0.0390625 0.05
0 0.0390625 0.17400000000000024 0.01875 0.024
1 0.15000000000000008 0.5211800000000001 0.1140625 0.052559999999999996
1 0.6612499999999983 0.5008400000000002 0.146875 0.06767999999999999
1 0.4140625 0.32495999999999997 0.134375 0.061919999999999996
1 0.9545312500000092 0.8359200000000065 0.0734375 0.033839999999999995
1 0.77578125 0.44444 0.2015625 0.09287999999999999
1 0.3364062500000005 0.8293599999999963 0.1265625 0.05832
1 0.8231250000000042 0.7068800000000026 0.10625 0.048960000000000004
