0 0.06953125 0.975799999999994 0.021875 0.028
0 0.729296875 0.9784999999999956 0.0296875 0.038
0 0.909375 0.823199999999998 0.0375 0.048
0 0.109765625 0.4475 0.0390625 0.05
0 0.0390625 0.17880000000000024 0.01875 0.024
1 0.15531250000000008 0.5177800000000001 0.1140625 0.052559999999999996
1 0.6681249999999983 0.5052400000000001 0.146875 0.06767999999999999
1 0.4203125 0.32896 0.134375 0.061919999999999996
1 0.9510937500000092 0.8337200000000065 0.0734375 0.033839999999999995
1 0.76640625 0.43844 0.2015625 0.09287999999999999
1 0.3304687500000005 0.8255599999999964 0.1265625 0.05832
1 0.8181250000000041 0.7100800000000027 0.10625 0.048960000000000004
