0 0.06953125 0.9813999999999939 0.021875 0.028
0 0.726171875 0.9860999999999954 0.0296875 0.038
0 0.9125 0.8327999999999979 0.0375 0.048
0 0.106640625 0.4575 0.0390625 0.05
0 0.0421875 0.18360000000000026 0.01875 0.024
1 0.16062500000000007 0.5143800000000001 0.1140625 0.052559999999999996
1 0.6749999999999983 0.5096400000000001 0.146875 0.06767999999999999
1 0.4265625 0.33296 0.134375 0.061919999999999996
1 0.9476562500000091 0.8315200000000065 0.0734375 0.033839999999999995
1 0.75703125 0.43244 0.2015625 0.09287999999999999
1 0.3245312500000005 0.8217599999999965 0.1265625 0.05832
1 0.8131250000000041 0.7132800000000027 0.10625 0.048960000000000004
