0 0.06640625 0.9869999999999939 0.021875 0.028
0 0.723046875 0.9936999999999954 0.0296875 0.038
0 0.915625 0.8423999999999978 0.0375 0.048
0 0.103515625 0.4675 0.0390625 0.05
0 0.0453125 0.18840000000000026 0.01875 0.024
1 0.1659375000000001 0.5109800000000001 0.1140625 0.052559999999999996
1 0.6818749999999982 0.51404 0.146875 0.06767999999999999
1 0.4328125 0.33696 0.134375 0.061919999999999996
1 0.944218750000009 0.8293200000000064 0.0734375 0.033839999999999995
1 0.74765625 0.42644 0.2015625 0.09287999999999999
1 0.31859375000000045 0.8179599999999965 0.1265625 0.05832
1 0.808125000000004 0.7164800000000028 0.10625 0.048960000000000004
