0 0.06328125 0.9925999999999938 0.021875 0.028
0 0.719921875 1.0012999999999952 0.0296875 0.038
0 0.91875 0.8519999999999978 0.0375 0.048
0 0.100390625 0.4775 0.0390625 0.05
0 0.0484375 0.19320000000000026 0.01875 0.024
1 0.1712500000000001 0.5075800000000001 0.1140625 0.052559999999999996
1 0.6887499999999982 0.51844 0.146875 0.06767999999999999
1 0.4390625 0.34096 0.134375 0.061919999999999996
1 0.9407812500000089 0.8271200000000064 0.0734375 0.033839999999999995
1 0.73828125 0.42044 0.2015625 0.09287999999999999
1 0.3126562500000004 0.8141599999999966 0.1265625 0.05832
1 0.8031250000000039 0.7196800000000028 0.10625 0.048960000000000004
