0 0.06015625 0.9981999999999936 0.021875 0.028
0 0.716796875 1.0088999999999952 0.0296875 0.038
0 0.921875 0.8615999999999976 0.0375 0.048
0 0.097265625 0.4875 0.0390625 0.05
0 0.0515625 0.1980000000000003 0.01875 0.024
1 0.17656250000000012 0.5041800000000001 0.1140625 0.052559999999999996
1 0.6956249999999982 0.5228400000000001 0.146875 0.06767999999999999
1 0.4453125 0.34496 0.134375 0.061919999999999996
1 0.9373437500000088 0.8249200000000063 0.0734375 0.033839999999999995
1 0.72890625 0.41444 0.2015625 0.09287999999999999
1 0.30671875000000043 0.8103599999999966 0.1265625 0.05832
1 0.7981250000000039 0.7228800000000029 0.10625 0.048960000000000004
