0 0.921875 0.8807999999999975 0.0375 0.048
0 0.103515625 0.5075 0.0390625 0.05
0 0.0546875 0.2076000000000003 0.01875 0.024
1 0.18718750000000012 0.49738000000000016 0.1140625 0.052559999999999996
1 0.7093749999999981 0.53164 0.146875 0.06767999999999999
1 0.4578125 0.35296 0.134375 0.061919999999999996
1 0.9304687500000087 0.8205200000000062 0.0734375 0.033839999999999995
1 0.71015625 0.40244 0.2015625 0.09287999999999999
1 0.2948437500000004 0.8027599999999967 0.1265625 0.05832
1 0.7881250000000037 0.7292800000000029 0.10625 0.048960000000000004
