0 0.91875 0.8903999999999974 0.0375 0.048
0 0.106640625 0.5175 0.0390625 0.05
0 0.0515625 0.2124000000000003 0.01875 0.024
1 0.19250000000000014 0.4939800000000002 0.1140625 0.052559999999999996
1 0.716249999999998 0.53604 0.146875 0.06767999999999999
1 0.4640625 0.35696 0.134375 0.061919999999999996
1 0.9270312500000086 0.8183200000000062 0.0734375 0.033839999999999995
1 0.70078125 0.39644 0.2015625 0.09287999999999999
1 0.28890625000000036 0.7989599999999968 0.1265625 0.05832
1 0.7831250000000036 0.732480000000003 0.10625 0.048960000000000004
