0 0.915625 0.8999999999999972 0.0375 0.048
0 0.109765625 0.5275 0.0390625 0.05
0 0.0484375 0.21720000000000034 0.01875 0.024
0 0.390625 0.025200000000000004 0.04375 0.056
1 0.19781250000000014 0.49058000000000024 0.1140625 0.052559999999999996
1 0.723124999999998 0.5404399999999999 0.146875 0.06767999999999999
1 0.4703125 0.36096 0.134375 0.061919999999999996
1 0.9235937500000085 0.8161200000000062 0.0734375 0.033839999999999995
1 0.69140625 0.39644 0.2015625 0.09287999999999999
1 0.2829687500000003 0.7951599999999968 0.1265625 0.05832
1 0.7781250000000035 0.735680000000003 0.10625 0.048960000000000004
