0 0.9125 0.9095999999999972 0.0375 0.048
0 0.112890625 0.5375 0.0390625 0.05
0 0.0453125 0.22200000000000034 0.01875 0.024
0 0.39375 0.03640000000000001 0.04375 0.056
1 0.20312500000000017 0.4871800000000002 0.1140625 0.052559999999999996
1 0.729999999999998 0.5448399999999999 0.146875 0.06767999999999999
1 0.4765625 0.36496 0.134375 0.061919999999999996
1 0.9201562500000084 0.8139200000000061 0.0734375 0.033839999999999995
1 0.68203125 0.40244 0.2015625 0.09287999999999999
1 0.27703125000000034 0.7913599999999968 0.1265625 0.05832
1 0.7731250000000035 0.7388800000000031 0.10625 0.048960000000000004
