0 0.909375 0.9191999999999971 0.0375 0.048
0 0.116015625 0.5475 0.0390625 0.05
0 0.0421875 0.22680000000000036 0.01875 0.024
0 0.396875 0.0476 0.04375 0.056
1 0.20843750000000014 0.48378000000000027 0.1140625 0.052559999999999996
1 0.736874999999998 0.5492400000000001 0.146875 0.06767999999999999
1 0.4828125 0.36895999999999995 0.134375 0.061919999999999996
1 0.9167187500000085 0.8117200000000061 0.0734375 0.033839999999999995
1 0.67265625 0.40844 0.2015625 0.09287999999999999
1 0.2710937500000003 0.7875599999999969 0.1265625 0.05832
1 0.7681250000000034 0.7420800000000031 0.10625 0.048960000000000004
