0 0.90625 0.928799999999997 0.0375 0.048
0 0.112890625 0.5575 0.0390625 0.05
0 0.0390625 0.23160000000000036 0.01875 0.024
0 0.4 0.058800000000000005 0.04375 0.056
1 0.2137500000000002 0.4803800000000003 0.1140625 0.052559999999999996
1 0.7437499999999979 0.5536400000000001 0.146875 0.06767999999999999
1 0.4890625 0.37295999999999996 0.134375 0.061919999999999996
1 0.9132812500000084 0.809520000000006 0.0734375 0.033839999999999995
1 0.66328125 0.41444 0.2015625 0.09287999999999999
1 0.2651562500000003 0.7837599999999969 0.1265625 0.05832
1 0.7631250000000034 0.7452800000000032 0.10625 0.048960000000000004
