0 0.909375 0.9383999999999969 0.0375 0.048
0 0.109765625 0.5675 0.0390625 0.05
0 0.0390625 0.2364000000000004 0.01875 0.024
0 0.403125 0.07 0.04375 0.056
1 0.21906250000000016 0.4769800000000003 0.1140625 0.052559999999999996
1 0.7506249999999979 0.5580400000000002 0.146875 0.06767999999999999
1 0.4953125 0.37695999999999996 0.134375 0.061919999999999996
1 0.9098437500000083 0.8073200000000059 0.0734375 0.033839999999999995
1 0.65390625 0.42044 0.2015625 0.09287999999999999
1 0.2592187500000003 0.779959999999997 0.1265625 0.05832
1 0.7581250000000033 0.7484800000000033 0.10625 0.048960000000000004
