0 0.9125 0.9479999999999968 0.0375 0.048
0 0.106640625 0.5775 0.0390625 0.05
0 0.0421875 0.2412000000000004 0.01875 0.024
0 0.403125 0.08120000000000001 0.04375 0.056
1 0.2243750000000002 0.47358000000000033 0.1140625 0.052559999999999996
1 0.7574999999999978 0.5624400000000003 0.146875 0.06767999999999999
1 0.5015625 0.38095999999999997 0.134375 0.061919999999999996
1 0.9064062500000082 0.8051200000000059 0.0734375 0.033839999999999995
1 0.64453125 0.42644 0.2015625 0.09287999999999999
1 0.25328125000000024 0.776159999999997 0.1265625 0.05832
1 0.7531250000000032 0.7516800000000032 0.10625 0.048960000000000004
