0 0.915625 0.9575999999999967 0.0375 0.048
0 0.103515625 0.5875 0.0390625 0.05
0 0.0453125 0.24600000000000039 0.01875 0.024
0 0.4 0.0924 0.04375 0.056
1 0.22968750000000018 0.4701800000000004 0.1140625 0.052559999999999996
1 0.7643749999999978 0.5668400000000003 0.146875 0.06767999999999999
1 0.5078125 0.38495999999999997 0.134375 0.061919999999999996
1 0.9029687500000081 0.8029200000000059 0.0734375 0.033839999999999995
1 0.63515625 0.43244 0.2015625 0.09287999999999999
1 0.24734375000000025 0.772359999999997 0.1265625 0.05832
1 0.7481250000000031 0.7548800000000033 0.10625 0.048960000000000004
