0 0.91875 0.9671999999999966 0.0375 0.048
0 0.100390625 0.5975 0.0390625 0.05
0 0.0484375 0.2508000000000004 0.01875 0.024
0 0.396875 0.10359999999999998 0.04375 0.056
1 0.23500000000000024 0.46678000000000036 0.1140625 0.052559999999999996
1 0.7712499999999978 0.5712400000000004 0.146875 0.06767999999999999
1 0.5140625 0.38896 0.134375 0.061919999999999996
1 0.8995312500000081 0.8007200000000059 0.0734375 0.033839999999999995
1 0.62578125 0.43844 0.2015625 0.09287999999999999
1 0.2414062500000002 0.7685599999999971 0.1265625 0.05832
1 0.743125000000003 0.7580800000000033 0.10625 0.048960000000000004
