0 0.921875 0.9767999999999966 0.0375 0.048
0 0.097265625 0.6075 0.0390625 0.05
0 0.0515625 0.25560000000000044 0.01875 0.024
0 0.39375 0.11479999999999997 0.04375 0.056
1 0.2403125000000002 0.4633800000000004 0.1140625 0.052559999999999996
1 0.7781249999999977 0.5756400000000006 0.146875 0.06767999999999999
1 0.5203125 0.39296 0.134375 0.061919999999999996
1 0.896093750000008 0.7985200000000058 0.0734375 0.033839999999999995
1 0.61640625 0.44444 0.2015625 0.09287999999999999
1 0.2354687500000002 0.7647599999999971 0.1265625 0.05832
1 0.738125000000003 0.7612800000000034 0.10625 0.048960000000000004
