0 0.925 0.9863999999999965 0.0375 0.048
0 0.100390625 0.6175 0.0390625 0.05
0 0.0546875 0.2604000000000004 0.01875 0.024
0 0.390625 0.12599999999999995 0.04375 0.056
1 0.24562500000000026 0.4599800000000004 0.1140625 0.052559999999999996
1 0.7849999999999977 0.5800400000000007 0.146875 0.06767999999999999
1 0.5265625 0.39696 0.134375 0.061919999999999996
1 0.8926562500000079 0.7963200000000057 0.0734375 0.033839999999999995
1 0.60703125 0.45044 0.2015625 0.09287999999999999
1 0.2295312500000002 0.7609599999999972 0.1265625 0.05832
1 0.7331250000000029 0.7644800000000034 0.10625 0.048960000000000004
