0 0.921875 0.9959999999999963 0.0375 0.048
0 0.103515625 0.6275 0.0390625 0.05
0 0.0546875 0.2652000000000004 0.01875 0.024
0 0.3875 0.13719999999999993 0.04375 0.056
1 0.2509375000000002 0.45658000000000043 0.1140625 0.052559999999999996
1 0.7918749999999977 0.5844400000000007 0.146875 0.06767999999999999
1 0.5328125 0.40096 0.134375 0.061919999999999996
1 0.8892187500000078 0.7941200000000057 0.0734375 0.033839999999999995
1 0.59765625 0.45644 0.2015625 0.09287999999999999
1 0.22359375000000017 0.7571599999999973 0.1265625 0.05832
1 0.7281250000000028 0.7676800000000035 0.10625 0.048960000000000004
