0 0.91875 1.0055999999999963 0.0375 0.048
0 0.106640625 0.6375 0.0390625 0.05
0 0.0515625 0.27000000000000035 0.01875 0.024
0 0.3875 0.14839999999999995 0.04375 0.056
1 0.25625000000000026 0.45318000000000047 0.1140625 0.052559999999999996
1 0.7987499999999976 0.5888400000000008 0.146875 0.06767999999999999
1 0.5390625 0.40496 0.134375 0.061919999999999996
1 0.8857812500000077 0.7919200000000056 0.0734375 0.033839999999999995
1 0.58828125 0.46244 0.2015625 0.09287999999999999
1 0.21765625000000016 0.7533599999999973 0.1265625 0.05832
1 0.7231250000000028 0.7708800000000036 0.10625 0.048960000000000004
