0 0.109765625 0.6475 0.0390625 0.05
0 0.0484375 0.2748000000000003 0.01875 0.024
0 0.390625 0.15959999999999994 0.04375 0.056
1 0.26156250000000025 0.44978000000000046 0.1140625 0.052559999999999996
1 0.8056249999999976 0.5932400000000009 0.146875 0.06767999999999999
1 0.5453125 0.40896 0.134375 0.061919999999999996
1 0.8823437500000078 0.7897200000000056 0.0734375 0.033839999999999995
1 0.57890625 0.46844 0.2015625 0.09287999999999999
1 0.21171875000000012 0.7495599999999973 0.1265625 0.05832
1 0.7181250000000027 0.7740800000000035 0.10625 0.048960000000000004
