0 0.112890625 0.6575 0.0390625 0.05
0 0.0453125 0.27960000000000024 0.01875 0.024
0 0.39375 0.17079999999999992 0.04375 0.056
1 0.2668750000000002 0.4463800000000005 0.1140625 0.052559999999999996
1 0.8124999999999976 0.5976400000000011 0.146875 0.06767999999999999
1 0.5515625 0.41296 0.134375 0.061919999999999996
1 0.8789062500000077 0.7875200000000055 0.0734375 0.033839999999999995
1 0.56953125 0.47444 0.2015625 0.09287999999999999
1 0.2057812500000001 0.7457599999999974 0.1265625 0.05832
1 0.7131250000000027 0.7772800000000036 0.10625 0.048960000000000004
