0 0.116015625 0.6675 0.0390625 0.05
0 0.0421875 0.2844000000000002 0.01875 0.024
0 0.396875 0.1819999999999999 0.04375 0.056
1 0.27218750000000014 0.44298000000000054 0.1140625 0.052559999999999996
1 0.8193749999999975 0.6020400000000011 0.146875 0.06767999999999999
1 0.5578125 0.41696 0.134375 0.061919999999999996
1 0.8754687500000076 0.7853200000000055 0.0734375 0.033839999999999995
1 0.56015625 0.48044 0.2015625 0.09287999999999999
1 0.1998437500000001 0.7419599999999974 0.1265625 0.05832
1 0.7081250000000026 0.7804800000000036 0.10625 0.048960000000000004
