0 0.112890625 0.6775 0.0390625 0.05
0 0.0390625 0.2892000000000002 0.01875 0.024
0 0.4 0.1931999999999999 0.04375 0.056
1 0.27750000000000014 0.4395800000000005 0.1140625 0.052559999999999996
1 0.8262499999999975 0.6064400000000012 0.146875 0.06767999999999999
1 0.5640625 0.42096 0.134375 0.061919999999999996
1 0.8720312500000075 0.7831200000000055 0.0734375 0.033839999999999995
1 0.55078125 0.48644 0.2015625 0.09287999999999999
1 0.19390625000000009 0.7381599999999975 0.1265625 0.05832
1 0.7031250000000024 0.7836800000000037 0.10625 0.048960000000000004
