0 0.109765625 0.6875 0.0390625 0.05
0 0.0390625 0.2940000000000001 0.01875 0.024
0 0.403125 0.2043999999999999 0.04375 0.056
1 0.2828125000000001 0.43618000000000057 0.1140625 0.052559999999999996
1 0.8331249999999975 0.6108400000000013 0.146875 0.06767999999999999
1 0.5703125 0.42496 0.134375 0.061919999999999996
1 0.8685937500000074 0.7809200000000054 0.0734375 0.033839999999999995
1 0.54140625 0.49244 0.2015625 0.09287999999999999
1 0.18796875000000007 0.7343599999999975 0.1265625 0.05832
1 0.6981250000000024 0.7868800000000038 0.10625 0.048960000000000004
