0 0.106640625 0.6975 0.0390625 0.05
0 0.0421875 0.29880000000000007 0.01875 0.024
0 0.403125 0.21559999999999988 0.04375 0.056
1 0.2881250000000001 0.4327800000000006 0.1140625 0.052559999999999996
1 0.8399999999999974 0.6152400000000013 0.146875 0.06767999999999999
1 0.5765625 0.42895999999999995 0.134375 0.061919999999999996
1 0.8651562500000074 0.7787200000000054 0.0734375 0.033839999999999995
1 0.53203125 0.49844 0.2015625 0.09287999999999999
1 0.18203125000000003 0.7305599999999975 0.1265625 0.05832
1 0.6931250000000023 0.7900800000000038 0.10625 0.048960000000000004
