0 0.103515625 0.7075 0.0390625 0.05
0 0.0453125 0.30360000000000004 0.01875 0.024
0 0.4 0.22679999999999986 0.04375 0.056
1 0.2934375 0.4293800000000006 0.1140625 0.052559999999999996
1 0.8468749999999974 0.6196400000000014 0.146875 0.06767999999999999
1 0.5828125 0.43295999999999996 0.134375 0.061919999999999996
1 0.8617187500000073 0.7765200000000053 0.0734375 0.033839999999999995
1 0.52265625 0.50444 0.2015625 0.09287999999999999
1 0.17609375000000002 0.7267599999999976 0.1265625 0.05832
1 0.6881250000000023 0.7932800000000039 0.10625 0.048960000000000004
