0 0.100390625 0.7175 0.0390625 0.05
0 0.0484375 0.30839999999999995 0.01875 0.024
0 0.396875 0.23799999999999985 0.04375 0.056
1 0.29874999999999996 0.42598000000000064 0.1140625 0.052559999999999996
1 0.8537499999999973 0.6240400000000016 0.146875 0.06767999999999999
1 0.5890625 0.43695999999999996 0.134375 0.061919999999999996
1 0.8582812500000072 0.7743200000000052 0.0734375 0.033839999999999995
1 0.51328125 0.51044 0.2015625 0.09287999999999999
1 0.17015625 0.7229599999999976 0.1265625 0.05832
1 0.6831250000000022 0.7964800000000039 0.10625 0.048960000000000004
