0 0.097265625 0.7275 0.0390625 0.05
0 0.0515625 0.3131999999999999 0.01875 0.024
0 0.39375 0.24919999999999984 0.04375 0.056
1 0.30406249999999996 0.4225800000000007 0.1140625 0.052559999999999996
1 0.8606249999999973 0.6284400000000017 0.146875 0.06767999999999999
1 0.5953125 0.44095999999999996 0.134375 0.061919999999999996
1 0.8548437500000071 0.7721200000000052 0.0734375 0.033839999999999995
1 0.50390625 0.51644 0.2015625 0.09287999999999999
1 0.16421875 0.7191599999999977 0.1265625 0.05832
1 0.6781250000000021 0.7996800000000039 0.10625 0.048960000000000004
