0 0.100390625 0.7375 0.0390625 0.05
0 0.0546875 0.3179999999999999 0.01875 0.024
0 0.390625 0.26039999999999985 0.04375 0.056
1 0.3093749999999999 0.41918000000000066 0.1140625 0.052559999999999996
1 0.8674999999999973 0.6328400000000017 0.146875 0.06767999999999999
1 0.6015625 0.44495999999999997 0.134375 0.061919999999999996
1 0.851406250000007 0.7699200000000052 0.0734375 0.033839999999999995
1 0.49453125 0.52244 0.2015625 0.09287999999999999
1 0.15828124999999998 0.7153599999999978 0.1265625 0.05832
1 0.6731250000000021 0.8028800000000039 0.10625 0.048960000000000004
