0 0.103515625 0.7475 0.0390625 0.05
0 0.0546875 0.32279999999999986 0.01875 0.024
0 0.3875 0.27159999999999984 0.04375 0.056
0 0.433984375 0.0189 0.0421875 0.054
1 0.3146874999999999 0.4157800000000007 0.1140625 0.052559999999999996
1 0.8743749999999972 0.6372400000000018 0.146875 0.06767999999999999
1 0.6078125 0.44895999999999997 0.134375 0.061919999999999996
1 0.847968750000007 0.7677200000000052 0.0734375 0.033839999999999995
1 0.48515625 0.52844 0.2015625 0.09287999999999999
1 0.15234375 0.7115599999999977 0.1265625 0.05832
1 0.668125000000002 0.806080000000004 0.10625 0.048960000000000004
