0 0.106640625 0.7575 0.0390625 0.05
0 0.0515625 0.3275999999999998 0.01875 0.024
0 0.3875 0.2827999999999999 0.04375 0.056
0 0.437109375 0.029700000000000004 0.0421875 0.054
1 0.31999999999999984 0.41238000000000075 0.1140625 0.052559999999999996
1 0.8812499999999973 0.6416400000000019 0.146875 0.06767999999999999
1 0.6140625 0.45296 0.134375 0.061919999999999996
1 0.844531250000007 0.7655200000000051 0.0734375 0.033839999999999995
1 0.47578125 0.53444 0.2015625 0.09287999999999999
1 0.14640625000000002 0.7077599999999978 0.1265625 0.05832
1 0.663125000000002 0.8092800000000041 0.10625 0.048960000000000004
