0 0.109765625 0.7675 0.0390625 0.05
0 0.0484375 0.33239999999999975 0.01875 0.024
0 0.390625 0.29399999999999993 0.04375 0.056
0 0.440234375 0.0405 0.0421875 0.054
1 0.3253124999999998 0.40898000000000073 0.1140625 0.052559999999999996
1 0.8881249999999975 0.6460400000000021 0.146875 0.06767999999999999
1 0.6203125 0.45696 0.134375 0.061919999999999996
1 0.8410937500000069 0.7633200000000051 0.0734375 0.033839999999999995
1 0.46640625 0.54044 0.2015625 0.09287999999999999
1 0.14046875 0.7039599999999979 0.1265625 0.05832
1 0.6581250000000018 0.8124800000000041 0.10625 0.048960000000000004
