0 0.112890625 0.7775 0.0390625 0.05
0 0.0453125 0.3371999999999997 0.01875 0.024
0 0.39375 0.30519999999999997 0.04375 0.056
0 0.443359375 0.0513 0.0421875 0.054
1 0.3306249999999998 0.4055800000000008 0.1140625 0.052559999999999996
1 0.8949999999999976 0.6504400000000021 0.146875 0.06767999999999999
1 0.6265625 0.46096 0.134375 0.061919999999999996
1 0.8376562500000068 0.761120000000005 0.0734375 0.033839999999999995
1 0.45703125 0.54644 0.2015625 0.09287999999999999
1 0.13453125000000002 0.7001599999999979 0.1265625 0.05832
1 0.6531250000000017 0.8156800000000042 0.10625 0.048960000000000004
