0 0.116015625 0.7875 0.0390625 0.05
0 0.0421875 0.34199999999999964 0.01875 0.024
0 0.396875 0.3164 0.04375 0.056
0 0.446484375 0.062099999999999995 0.0421875 0.054
1 0.3359374999999997 0.4021800000000008 0.1140625 0.052559999999999996
1 0.9018749999999978 0.6548400000000022 0.146875 0.06767999999999999
1 0.6328125 0.46496 0.134375 0.061919999999999996
1 0.8342187500000067 0.7589200000000049 0.0734375 0.033839999999999995
1 0.44765625 0.55244 0.2015625 0.09287999999999999
1 0.12859375 0.696359999999998 0.1265625 0.05832
1 0.6481250000000017 0.8188800000000042 0.10625 0.048960000000000004
