0 0.112890625 0.7975 0.0390625 0.05
0 0.0390625 0.3467999999999996 0.01875 0.024
0 0.4 0.32760000000000006 0.04375 0.056
0 0.449609375 0.07289999999999999 0.0421875 0.054
1 0.3412499999999997 0.3987800000000008 0.1140625 0.052559999999999996
1 0.908749999999998 0.6592400000000023 0.146875 0.06767999999999999
1 0.6390625 0.46896 0.134375 0.061919999999999996
1 0.8307812500000067 0.7567200000000049 0.0734375 0.033839999999999995
1 0.43828125 0.55844 0.2015625 0.09287999999999999
1 0.12265625000000002 0.6925599999999981 0.1265625 0.05832
1 0.6431250000000016 0.8220800000000043 0.10625 0.048960000000000004
