0 0.109765625 0.8075 0.0390625 0.05
0 0.0390625 0.3515999999999996 0.01875 0.024
0 0.403125 0.3388000000000001 0.04375 0.056
0 0.446484375 0.0837 0.0421875 0.054
1 0.34656249999999966 0.39538000000000084 0.1140625 0.052559999999999996
1 0.915624999999998 0.6636400000000023 0.146875 0.06767999999999999
1 0.6453125 0.47296 0.134375 0.061919999999999996
1 0.8273437500000066 0.7545200000000049 0.0734375 0.033839999999999995
1 0.42890625 0.56444 0.2015625 0.09287999999999999
1 0.11671875000000002 0.688759999999998 0.1265625 0.05832
1 0.6381250000000016 0.8252800000000043 0.10625 0.048960000000000004
