0 0.106640625 0.8175 0.0390625 0.05
0 0.0421875 0.3563999999999995 0.01875 0.024
0 0.403125 0.35000000000000014 0.04375 0.056
0 0.443359375 0.09450000000000001 0.0421875 0.054
1 0.3518749999999996 0.3919800000000009 0.1140625 0.052559999999999996
1 0.9224999999999982 0.6680400000000024 0.146875 0.06767999999999999
1 0.6515625 0.47696 0.134375 0.061919999999999996
1 0.8239062500000065 0.7523200000000049 0.0734375 0.033839999999999995
1 0.41953125 0.5704400000000001 0.2015625 0.09287999999999999
1 0.11078125000000003 0.6849599999999981 0.1265625 0.05832
1 0.6331250000000015 0.8284800000000043 0.10625 0.048960000000000004
