0 0.103515625 0.8275 0.0390625 0.05
0 0.0453125 0.36119999999999947 0.01875 0.024
0 0.4 0.36120000000000024 0.04375 0.056
0 0.440234375 0.10530000000000003 0.0421875 0.054
1 0.3571874999999996 0.38858000000000087 0.1140625 0.052559999999999996
1 0.9293749999999983 0.6724400000000026 0.146875 0.06767999999999999
1 0.6578125 0.48096 0.134375 0.061919999999999996
1 0.8204687500000064 0.7501200000000048 0.0734375 0.033839999999999995
1 0.41015625 0.5764400000000001 0.2015625 0.09287999999999999
1 0.10484375000000004 0.6811599999999981 0.1265625 0.05832
1 0.6281250000000014 0.8316800000000044 0.10625 0.048960000000000004
