0 0.100390625 0.8375 0.0390625 0.05
0 0.0484375 0.36599999999999944 0.01875 0.024
0 0.396875 0.3724000000000003 0.04375 0.056
0 0.437109375 0.11610000000000004 0.0421875 0.054
1 0.36249999999999954 0.3851800000000009 0.1140625 0.052559999999999996
1 0.9224999999999982 0.6768400000000027 0.146875 0.06767999999999999
1 0.6640625 0.48496 0.134375 0.061919999999999996
1 0.8170312500000063 0.7479200000000047 0.0734375 0.033839999999999995
1 0.40078125 0.5824400000000001 0.2015625 0.09287999999999999
1 0.09890625000000004 0.6773599999999982 0.1265625 0.05832
1 0.6231250000000014 0.8348800000000044 0.10625 0.048960000000000004
