0 0.097265625 0.8475 0.0390625 0.05
0 0.0515625 0.3707999999999994 0.01875 0.024
0 0.39375 0.38360000000000033 0.04375 0.056
0 0.433984375 0.12690000000000004 0.0421875 0.054
1 0.36781249999999954 0.38178000000000095 0.1140625 0.052559999999999996
1 0.915624999999998 0.6812400000000027 0.146875 0.06767999999999999
1 0.6703125 0.48896 0.134375 0.061919999999999996
1 0.8135937500000063 0.7457200000000047 0.0734375 0.033839999999999995
1 0.39140625 0.5884400000000001 0.2015625 0.09287999999999999
1 0.09296875000000004 0.6735599999999983 0.1265625 0.05832
1 0.6181250000000013 0.8380800000000045 0.10625 0.048960000000000004
