0 0.100390625 0.8575 0.0390625 0.05
0 0.0546875 0.3755999999999993 0.01875 0.024
0 0.390625 0.3948000000000004 0.04375 0.056
0 0.430859375 0.13770000000000004 0.0421875 0.054
1 0.3731249999999995 0.37838000000000094 0.1140625 0.052559999999999996
1 0.908749999999998 0.6856400000000028 0.146875 0.06767999999999999
1 0.6765625 0.49295999999999995 0.134375 0.061919999999999996
1 0.8101562500000062 0.7435200000000046 0.0734375 0.033839999999999995
1 0.38203125 0.5944400000000001 0.2015625 0.09287999999999999
1 0.08703125000000005 0.6697599999999982 0.1265625 0.05832
1 0.6131250000000013 0.8412800000000045 0.10625 0.048960000000000004
