0 0.103515625 0.8675 0.0390625 0.05
0 0.0546875 0.3803999999999993 0.01875 0.024
0 0.3875 0.4060000000000004 0.04375 0.056
0 0.433984375 0.14850000000000005 0.0421875 0.054
1 0.3784374999999994 0.374980000000001 0.1140625 0.052559999999999996
1 0.9018749999999978 0.6900400000000029 0.146875 0.06767999999999999
1 0.6828125 0.49695999999999996 0.134375 0.061919999999999996
1 0.8067187500000061 0.7413200000000046 0.0734375 0.033839999999999995
1 0.37265625 0.6004400000000001 0.2015625 0.09287999999999999
1 0.08109375000000005 0.6659599999999983 0.1265625 0.05832
1 0.6081250000000011 0.8444800000000046 0.10625 0.048960000000000004
