0 0.106640625 0.8775 0.0390625 0.05
0 0.0515625 0.38519999999999927 0.01875 0.024
0 0.3875 0.41720000000000046 0.04375 0.056
0 0.437109375 0.15930000000000008 0.0421875 0.054
1 0.3837499999999994 0.371580000000001 0.1140625 0.052559999999999996
1 0.8949999999999976 0.694440000000003 0.146875 0.06767999999999999
1 0.6890625 0.50096 0.134375 0.061919999999999996
1 0.803281250000006 0.7391200000000046 0.0734375 0.033839999999999995
1 0.36328125 0.6064400000000001 0.2015625 0.09287999999999999
1 0.07515625000000005 0.6621599999999984 0.1265625 0.05832
1 0.603125000000001 0.8476800000000047 0.10625 0.048960000000000004
