0 0.109765625 0.8875 0.0390625 0.05
0 0.0484375 0.3899999999999992 0.01875 0.024
0 0.390625 0.4284000000000005 0.04375 0.056
0 0.440234375 0.17010000000000008 0.0421875 0.054
0 0.97265625 0.027 0.046875 0.06
1 0.38906249999999937 0.368180000000001 0.1140625 0.052559999999999996
1 0.8881249999999975 0.6988400000000031 0.146875 0.06767999999999999
1 0.6953125 0.50496 0.134375 0.061919999999999996
1 0.799843750000006 0.7369200000000045 0.0734375 0.033839999999999995
1 0.35390625 0.6124400000000001 0.2015625 0.09287999999999999
1 0.06921875000000004 0.6583599999999984 0.1265625 0.05832
1 0.598125000000001 0.8508800000000046 0.10625 0.048960000000000004
