0 0.112890625 0.8975 0.0390625 0.05
0 0.0453125 0.39479999999999915 0.01875 0.024
0 0.39375 0.43960000000000055 0.04375 0.056
0 0.443359375 0.1809000000000001 0.0421875 0.054
0 0.97578125 0.039 0.046875 0.06
1 0.39437499999999936 0.36478000000000105 0.1140625 0.052559999999999996
1 0.8812499999999973 0.7032400000000032 0.146875 0.06767999999999999
1 0.7015625 0.50896 0.134375 0.061919999999999996
1 0.796406250000006 0.7347200000000045 0.0734375 0.033839999999999995
1 0.34453125 0.6184400000000001 0.2015625 0.09287999999999999
1 0.06328125000000004 0.6545599999999985 0.1265625 0.05832
1 0.5931250000000009 0.8540800000000047 0.10625 0.048960000000000004
