0 0.116015625 0.9075 0.0390625 0.05
0 0.0421875 0.3995999999999991 0.01875 0.024
0 0.396875 0.4508000000000006 0.04375 0.056
0 0.446484375 0.1917000000000001 0.0421875 0.054
0 0.97890625 0.051 0.046875 0.06
1 0.3996874999999993 0.3613800000000011 0.1140625 0.052559999999999996
1 0.8743749999999972 0.7076400000000033 0.146875 0.06767999999999999
1 0.7078125 0.5129600000000001 0.134375 0.061919999999999996
1 0.7929687500000059 0.7325200000000044 0.0734375 0.033839999999999995
1 0.33515625 0.6244400000000001 0.2015625 0.09287999999999999
1 0.06328125000000004 0.6507599999999986 0.1265625 0.05832
1 0.5881250000000009 0.8508800000000046 0.10625 0.048960000000000004
