0 0.112890625 0.9175 0.0390625 0.05
0 0.0390625 0.4043999999999991 0.01875 0.024
0 0.4 0.46200000000000063 0.04375 0.056
0 0.449609375 0.20250000000000012 0.0421875 0.054
0 0.98203125 0.063 0.046875 0.06
1 0.40499999999999925 0.3579800000000011 0.1140625 0.052559999999999996
1 0.8674999999999973 0.7120400000000033 0.146875 0.06767999999999999
1 0.7140625 0.5169600000000001 0.134375 0.061919999999999996
1 0.7895312500000058 0.7303200000000044 0.0734375 0.033839999999999995
1 0.32578125 0.63044 0.2015625 0.09287999999999999
1 0.06921875000000004 0.6469599999999985 0.1265625 0.05832
1 0.5831250000000008 0.8476800000000047 0.10625 0.048960000000000004
