0 0.109765625 0.9275 0.0390625 0.05
0 0.0390625 0.409199999999999 0.01875 0.024
0 0.403125 0.4732000000000007 0.04375 0.056
0 0.446484375 0.21330000000000013 0.0421875 0.054
0 0.98515625 0.075 0.046875 0.06
1 0.41031249999999925 0.3545800000000011 0.1140625 0.052559999999999996
1 0.8606249999999973 0.7164400000000035 0.146875 0.06767999999999999
1 0.7203125 0.5209600000000001 0.134375 0.061919999999999996
1 0.7860937500000057 0.7281200000000043 0.0734375 0.033839999999999995
1 0.31640625 0.63644 0.2015625 0.09287999999999999
1 0.07515625000000005 0.6431599999999986 0.1265625 0.05832
1 0.5781250000000007 0.8444800000000046 0.10625 0.048960000000000004
