0 0.106640625 0.9375 0.0390625 0.05
0 0.0421875 0.413999999999999 0.01875 0.024
0 0.403125 0.4844000000000007 0.04375 0.056
0 0.443359375 0.22410000000000013 0.0421875 0.054
0 0.98515625 0.087 0.046875 0.06
1 0.4156249999999992 0.35118000000000116 0.1140625 0.052559999999999996
1 0.8537499999999973 0.7208400000000036 0.146875 0.06767999999999999
1 0.7265625 0.52496 0.134375 0.061919999999999996
1 0.7826562500000056 0.7259200000000042 0.0734375 0.033839999999999995
1 0.30703125 0.64244 0.2015625 0.09287999999999999
1 0.08109375000000005 0.6393599999999986 0.1265625 0.05832
1 0.5731250000000007 0.8412800000000045 0.10625 0.048960000000000004
