0 0.103515625 0.9475 0.0390625 0.05
0 0.0453125 0.41879999999999895 0.01875 0.024
0 0.4 0.49560000000000076 0.04375 0.056
0 0.440234375 0.23490000000000014 0.0421875 0.054
0 0.98203125 0.099 0.046875 0.06
1 0.4209374999999992 0.34778000000000114 0.1140625 0.052559999999999996
1 0.8468749999999974 0.7252400000000037 0.146875 0.06767999999999999
1 0.7328125 0.52896 0.134375 0.061919999999999996
1 0.7792187500000056 0.7237200000000042 0.0734375 0.033839999999999995
1 0.29765625 0.64844 0.2015625 0.09287999999999999
1 0.08703125000000005 0.6355599999999987 0.1265625 0.05832
1 0.5681250000000005 0.8380800000000045 0.10625 0.048960000000000004
