0 0.100390625 0.9575 0.0390625 0.05
0 0.0484375 0.42359999999999887 0.01875 0.024
0 0.396875 0.5068000000000008 0.04375 0.056
0 0.437109375 0.24570000000000017 0.0421875 0.054
0 0.97890625 0.111 0.046875 0.06
1 0.42624999999999913 0.3443800000000012 0.1140625 0.052559999999999996
1 0.8399999999999974 0.7296400000000037 0.146875 0.06767999999999999
1 0.7390625 0.53296 0.134375 0.061919999999999996
1 0.7757812500000055 0.7215200000000042 0.0734375 0.033839999999999995
1 0.28828125 0.65444 0.2015625 0.09287999999999999
1 0.09296875000000004 0.6317599999999988 0.1265625 0.05832
1 0.5631250000000005 0.8348800000000044 0.10625 0.048960000000000004
