0 0.097265625 0.9675 0.0390625 0.05
0 0.0515625 0.42839999999999884 0.01875 0.024
0 0.39375 0.5180000000000009 0.04375 0.056
0 0.433984375 0.2565000000000002 0.0421875 0.054
0 0.97578125 0.123 0.046875 0.06
1 0.43156249999999907 0.3409800000000012 0.1140625 0.052559999999999996
1 0.8331249999999975 0.7340400000000038 0.146875 0.06767999999999999
1 0.7453125 0.53696 0.134375 0.061919999999999996
1 0.7723437500000054 0.7193200000000042 0.0734375 0.033839999999999995
1 0.27890625 0.66044 0.2015625 0.09287999999999999
1 0.09890625000000004 0.6279599999999987 0.1265625 0.05832
1 0.5581250000000004 0.8316800000000044 0.10625 0.048960000000000004
