0 0.100390625 0.9775 0.0390625 0.05
0 0.0546875 0.4331999999999988 0.01875 0.024
0 0.390625 0.5292000000000009 0.04375 0.056
0 0.430859375 0.2673000000000002 0.0421875 0.054
0 0.97265625 0.135 0.046875 0.06
1 0.43687499999999907 0.3375800000000012 0.1140625 0.052559999999999996
1 0.8262499999999975 0.7384400000000039 0.146875 0.06767999999999999
1 0.7515625 0.54096 0.134375 0.061919999999999996
1 0.7689062500000053 0.7171200000000041 0.0734375 0.033839999999999995
1 0.26953125 0.66644 0.2015625 0.09287999999999999
1 0.10484375000000004 0.6241599999999988 0.1265625 0.05832
1 0.5531250000000003 0.8284800000000043 0.10625 0.048960000000000004
