0 0.103515625 0.9875 0.0390625 0.05
0 0.0546875 0.4379999999999987 0.01875 0.024
0 0.3875 0.5404000000000009 0.04375 0.056
0 0.433984375 0.2781000000000001 0.0421875 0.054
0 0.96953125 0.147 0.046875 0.06
1 0.442187499999999 0.33418000000000125 0.1140625 0.052559999999999996
1 0.8193749999999975 0.742840000000004 0.146875 0.06767999999999999
1 0.7578125 0.54496 0.134375 0.061919999999999996
1 0.7654687500000052 0.714920000000004 0.0734375 0.033839999999999995
1 0.26015625 0.67244 0.2015625 0.09287999999999999
1 0.11078125000000003 0.6203599999999989 0.1265625 0.05832
1 0.5481250000000003 0.8252800000000043 0.10625 0.048960000000000004
