0 0.106640625 0.9975 0.0390625 0.05
0 0.0515625 0.4427999999999987 0.01875 0.024
0 0.3875 0.551600000000001 0.04375 0.056
0 0.437109375 0.2889000000000001 0.0421875 0.054
0 0.96953125 0.159 0.046875 0.06
1 0.447499999999999 0.3307800000000013 0.1140625 0.052559999999999996
1 0.8124999999999976 0.7472400000000041 0.146875 0.06767999999999999
1 0.7640625 0.54896 0.134375 0.061919999999999996
1 0.7620312500000053 0.712720000000004 0.0734375 0.033839999999999995
1 0.25078125 0.67844 0.2015625 0.09287999999999999
1 0.11671875000000002 0.6165599999999989 0.1265625 0.05832
1 0.5431250000000002 0.8220800000000043 0.10625 0.048960000000000004
