0 0.109765625 1.0075 0.0390625 0.05
0 0.0484375 0.44759999999999867 0.01875 0.024
0 0.390625 0.562800000000001 0.04375 0.056
0 0.440234375 0.2997 0.0421875 0.054
0 0.97265625 0.171 0.046875 0.06
1 0.45281249999999895 0.3273800000000013 0.1140625 0.052559999999999996
1 0.8056249999999976 0.7516400000000042 0.146875 0.06767999999999999
1 0.7703125 0.55296 0.134375 0.061919999999999996
1 0.7585937500000052 0.7105200000000039 0.0734375 0.033839999999999995
1 0.24140625 0.68444 0.2015625 0.09287999999999999
1 0.12265625000000002 0.612759999999999 0.1265625 0.05832
1 0.5381250000000002 0.8188800000000042 0.10625 0.048960000000000004
