0 0.0453125 0.45239999999999864 0.01875 0.024
0 0.39375 0.5740000000000011 0.04375 0.056
0 0.443359375 0.3105 0.0421875 0.054
0 0.97578125 0.183 0.046875 0.06
1 0.4581249999999989 0.3239800000000013 0.1140625 0.052559999999999996
1 0.7987499999999976 0.7560400000000043 0.146875 0.06767999999999999
1 0.7765625 0.55696 0.134375 0.061919999999999996
1 0.7551562500000051 0.708320000000004 0.0734375 0.033839999999999995
1 0.23203125 0.69044 0.2015625 0.09287999999999999
1 0.12859375 0.6089599999999991 0.1265625 0.05832
1 0.5331250000000001 0.8156800000000042 0.10625 0.048960000000000004
