0 0.0421875 0.45719999999999855 0.01875 0.024
0 0.396875 0.585200000000001 0.04375 0.056
0 0.446484375 0.3213 0.0421875 0.054
0 0.97890625 0.195 0.046875 0.06
1 0.4634374999999989 0.32058000000000136 0.1140625 0.052559999999999996
1 0.7918749999999977 0.7604400000000043 0.146875 0.06767999999999999
1 0.7828125 0.56096 0.134375 0.061919999999999996
1 0.751718750000005 0.7061200000000039 0.0734375 0.033839999999999995
1 0.22265625 0.6964400000000001 0.2015625 0.09287999999999999
1 0.13453125000000002 0.605159999999999 0.1265625 0.05832
1 0.528125 0.8124800000000041 0.10625 0.048960000000000004
