0 0.0390625 0.4619999999999985 0.01875 0.024
0 0.4 0.5964000000000012 0.04375 0.056
0 0.449609375 0.3320999999999999 0.0421875 0.054
0 0.98203125 0.207 0.046875 0.06
1 0.46874999999999883 0.31718000000000135 0.1140625 0.052559999999999996
1 0.7849999999999977 0.7648400000000045 0.146875 0.06767999999999999
1 0.7890625 0.56496 0.134375 0.061919999999999996
1 0.7482812500000049 0.7039200000000039 0.0734375 0.033839999999999995
1 0.21328125 0.7024400000000001 0.2015625 0.09287999999999999
1 0.14046875 0.6013599999999991 0.1265625 0.05832
1 0.523125 0.8092800000000041 0.10625 0.048960000000000004
