0 0.0390625 0.4667999999999985 0.01875 0.024
0 0.403125 0.6076000000000011 0.04375 0.056
0 0.446484375 0.34289999999999987 0.0421875 0.054
0 0.98515625 0.219 0.046875 0.06
0 0.850390625 0.011699999999999999 0.0203125 0.026
1 0.47406249999999883 0.3137800000000014 0.1140625 0.052559999999999996
1 0.7781249999999977 0.7692400000000046 0.146875 0.06767999999999999
1 0.7953125 0.56896 0.134375 0.061919999999999996
1 0.7448437500000049 0.7017200000000038 0.0734375 0.033839999999999995
1 0.20390625 0.7084400000000001 0.2015625 0.09287999999999999
1 0.14640625000000002 0.5975599999999992 0.1265625 0.05832
1 0.5181249999999998 0.806080000000004 0.10625 0.048960000000000004
