0 0.0421875 0.4715999999999984 0.01875 0.024
0 0.403125 0.6188000000000012 0.04375 0.056
0 0.443359375 0.3536999999999998 0.0421875 0.054
0 0.98515625 0.231 0.046875 0.06
0 0.853515625 0.0169 0.0203125 0.026
1 0.4793749999999988 0.31038000000000143 0.1140625 0.052559999999999996
1 0.7712499999999978 0.7736400000000047 0.146875 0.06767999999999999
1 0.8015625 0.57296 0.134375 0.061919999999999996
1 0.7414062500000048 0.6995200000000037 0.0734375 0.033839999999999995
1 0.19453125 0.7144400000000001 0.2015625 0.09287999999999999
1 0.15234375 0.5937599999999992 0.1265625 0.05832
1 0.5131249999999998 0.8028800000000039 0.10625 0.048960000000000004
