0 0.0453125 0.4763999999999984 0.01875 0.024
0 0.4 0.6300000000000012 0.04375 0.056
0 0.440234375 0.36449999999999977 0.0421875 0.054
0 0.98203125 0.243 0.046875 0.06
0 0.856640625 0.0221 0.0203125 0.026
1 0.4846874999999987 0.3069800000000014 0.1140625 0.052559999999999996
1 0.7643749999999978 0.7780400000000047 0.146875 0.06767999999999999
1 0.8078125 0.57696 0.134375 0.061919999999999996
1 0.7379687500000047 0.6973200000000037 0.0734375 0.033839999999999995
1 0.18515625 0.7204400000000001 0.2015625 0.09287999999999999
1 0.15828124999999998 0.5899599999999993 0.1265625 0.05832
1 0.5081249999999997 0.7996800000000039 0.10625 0.048960000000000004
