0 0.0484375 0.48119999999999835 0.01875 0.024
0 0.396875 0.6412000000000013 0.04375 0.056
0 0.437109375 0.37529999999999974 0.0421875 0.054
0 0.97890625 0.255 0.046875 0.06
0 0.859765625 0.0273 0.0203125 0.026
1 0.4899999999999987 0.30358000000000146 0.1140625 0.052559999999999996
1 0.7574999999999978 0.7824400000000048 0.146875 0.06767999999999999
1 0.8140625 0.58096 0.134375 0.061919999999999996
1 0.7345312500000046 0.6951200000000036 0.0734375 0.033839999999999995
1 0.17578125 0.7264400000000001 0.2015625 0.09287999999999999
1 0.16421875 0.5861599999999992 0.1265625 0.05832
1 0.5031249999999996 0.7964800000000039 0.10625 0.048960000000000004
