0 0.0515625 0.4859999999999983 0.01875 0.024
0 0.39375 0.6524000000000013 0.04375 0.056
0 0.433984375 0.38609999999999967 0.0421875 0.054
0 0.97578125 0.267 0.046875 0.06
0 0.862890625 0.0325 0.0203125 0.026
1 0.49531249999999866 0.3001800000000015 0.1140625 0.052559999999999996
1 0.7506249999999979 0.7868400000000049 0.146875 0.06767999999999999
1 0.8203125 0.58496 0.134375 0.061919999999999996
1 0.7310937500000045 0.6929200000000036 0.0734375 0.033839999999999995
1 0.16640625 0.7324400000000001 0.2015625 0.09287999999999999
1 0.17015625 0.5823599999999993 0.1265625 0.05832
1 0.4981249999999996 0.7932800000000039 0.10625 0.048960000000000004
