0 0.0546875 0.49079999999999824 0.01875 0.024
0 0.390625 0.6636000000000014 0.04375 0.056
0 0.430859375 0.39689999999999964 0.0421875 0.054
0 0.97265625 0.279 0.046875 0.06
0 0.862890625 0.037700000000000004 0.0203125 0.026
1 0.5006249999999987 0.2967800000000015 0.1140625 0.052559999999999996
1 0.7437499999999979 0.791240000000005 0.146875 0.06767999999999999
1 0.8265625 0.58896 0.134375 0.061919999999999996
1 0.7276562500000046 0.6907200000000036 0.0734375 0.033839999999999995
1 0.15703125 0.7384400000000001 0.2015625 0.09287999999999999
1 0.17609375000000002 0.5785599999999994 0.1265625 0.05832
1 0.4931249999999995 0.7900800000000038 0.10625 0.048960000000000004
