0 0.0546875 0.4955999999999982 0.01875 0.024
0 0.3875 0.6748000000000014 0.04375 0.056
0 0.433984375 0.4076999999999996 0.0421875 0.054
0 0.96953125 0.291 0.046875 0.06
0 0.859765625 0.04290000000000001 0.0203125 0.026
1 0.5059374999999986 0.29338000000000153 0.1140625 0.052559999999999996
1 0.736874999999998 0.7956400000000051 0.146875 0.06767999999999999
1 0.8328125 0.59296 0.134375 0.061919999999999996
1 0.7242187500000045 0.6885200000000035 0.0734375 0.033839999999999995
1 0.14765625 0.7444400000000001 0.2015625 0.09287999999999999
1 0.18203125000000003 0.5747599999999994 0.1265625 0.05832
1 0.4881249999999994 0.7868800000000038 0.10625 0.048960000000000004
