0 0.0515625 0.5003999999999982 0.01875 0.024
0 0.3875 0.6860000000000015 0.04375 0.056
0 0.437109375 0.41849999999999954 0.0421875 0.054
0 0.96953125 0.303 0.046875 0.06
0 0.856640625 0.04810000000000001 0.0203125 0.026
1 0.5112499999999985 0.28998000000000157 0.1140625 0.052559999999999996
1 0.729999999999998 0.8000400000000052 0.146875 0.06767999999999999
1 0.8390625 0.59696 0.134375 0.061919999999999996
1 0.7207812500000044 0.6863200000000035 0.0734375 0.033839999999999995
1 0.13828125 0.7504400000000001 0.2015625 0.09287999999999999
1 0.18796875000000007 0.5709599999999995 0.1265625 0.05832
1 0.48312499999999936 0.7836800000000037 0.10625 0.048960000000000004
