0 0.0484375 0.5051999999999981 0.01875 0.024
0 0.390625 0.6972000000000015 0.04375 0.056
0 0.440234375 0.4292999999999995 0.0421875 0.054
0 0.97265625 0.315 0.046875 0.06
0 0.853515625 0.053300000000000014 0.0203125 0.026
1 0.5165624999999985 0.28658000000000156 0.1140625 0.052559999999999996
1 0.723124999999998 0.8044400000000053 0.146875 0.06767999999999999
1 0.8453125 0.60096 0.134375 0.061919999999999996
1 0.7173437500000043 0.6841200000000034 0.0734375 0.033839999999999995
1 0.12890625 0.75644 0.2015625 0.09287999999999999
1 0.19390625000000009 0.5671599999999996 0.1265625 0.05832
1 0.4781249999999993 0.7804800000000036 0.10625 0.048960000000000004
