0 0.0453125 0.5099999999999981 0.01875 0.024
0 0.39375 0.7084000000000016 0.04375 0.056
0 0.443359375 0.44009999999999944 0.0421875 0.054
0 0.97578125 0.327 0.046875 0.06
0 0.850390625 0.05850000000000002 0.0203125 0.026
0 0.13125 0.0144 0.025 0.032
1 0.5218749999999985 0.2831800000000016 0.1140625 0.052559999999999996
1 0.716249999999998 0.8088400000000053 0.146875 0.06767999999999999
1 0.8515625 0.60496 0.134375 0.061919999999999996
1 0.7139062500000042 0.6819200000000034 0.0734375 0.033839999999999995
1 0.11953125 0.76244 0.2015625 0.09287999999999999
1 0.1998437500000001 0.5633599999999995 0.1265625 0.05832
1 0.47312499999999924 0.7772800000000036 0.10625 0.048960000000000004
