0 0.0421875 0.514799999999998 0.01875 0.024
0 0.396875 0.7196000000000016 0.04375 0.056
0 0.446484375 0.4508999999999994 0.0421875 0.054
0 0.97890625 0.339 0.046875 0.06
0 0.847265625 0.06370000000000002 0.0203125 0.026
0 0.134375 0.0208 0.025 0.032
1 0.5271874999999985 0.27978000000000164 0.1140625 0.052559999999999996
1 0.7093749999999981 0.8132400000000055 0.146875 0.06767999999999999
1 0.8578125 0.6089600000000001 0.134375 0.061919999999999996
1 0.7104687500000042 0.6797200000000033 0.0734375 0.033839999999999995
1 0.11015625 0.76844 0.2015625 0.09287999999999999
1 0.2057812500000001 0.5595599999999996 0.1265625 0.05832
1 0.4681249999999991 0.7740800000000035 0.10625 0.048960000000000004
