0 0.0390625 0.519599999999998 0.01875 0.024
0 0.4 0.7308000000000017 0.04375 0.056
0 0.449609375 0.4616999999999994 0.0421875 0.054
0 0.98203125 0.351 0.046875 0.06
0 0.847265625 0.06890000000000002 0.0203125 0.026
0 0.1375 0.0272 0.025 0.032
0 0.022265625 0.0147 0.0328125 0.042
1 0.5324999999999984 0.2763800000000016 0.1140625 0.052559999999999996
1 0.7024999999999981 0.8176400000000056 0.146875 0.06767999999999999
1 0.8640625 0.6129600000000001 0.134375 0.061919999999999996
1 0.7070312500000041 0.6775200000000032 0.0734375 0.033839999999999995
1 0.10078125 0.76244 0.2015625 0.09287999999999999
1 0.21171875000000012 0.5557599999999997 0.1265625 0.05832
1 0.46312499999999907 0.7708800000000036 0.10625 0.048960000000000004
