0 0.0390625 0.524399999999998 0.01875 0.024
0 0.403125 0.7420000000000017 0.04375 0.056
0 0.446484375 0.4724999999999993 0.0421875 0.054
0 0.98515625 0.363 0.046875 0.06
0 0.850390625 0.07410000000000001 0.0203125 0.026
0 0.140625 0.03359999999999999 0.025 0.032
0 0.025390625 0.023100000000000002 0.0328125 0.042
1 0.5378124999999984 0.27298000000000167 0.1140625 0.052559999999999996
1 0.6956249999999982 0.8220400000000057 0.146875 0.06767999999999999
1 0.8703125 0.6169600000000001 0.134375 0.061919999999999996
1 0.703593750000004 0.6753200000000033 0.0734375 0.033839999999999995
1 0.10078125 0.75644 0.2015625 0.09287999999999999
1 0.21765625000000016 0.5519599999999997 0.1265625 0.05832
1 0.458124999999999 0.7676800000000035 0.10625 0.048960000000000004
