0 0.0421875 0.5291999999999979 0.01875 0.024
0 0.403125 0.7532000000000018 0.04375 0.056
0 0.443359375 0.4832999999999993 0.0421875 0.054
0 0.98515625 0.375 0.046875 0.06
0 0.853515625 0.0793 0.0203125 0.026
0 0.14375 0.04 0.025 0.032
0 0.028515625 0.0315 0.0328125 0.042
1 0.5431249999999983 0.2695800000000017 0.1140625 0.052559999999999996
1 0.6887499999999982 0.8264400000000057 0.146875 0.06767999999999999
1 0.8765625 0.6209600000000001 0.134375 0.061919999999999996
1 0.7001562500000039 0.6731200000000032 0.0734375 0.033839999999999995
1 0.11015625 0.7504400000000001 0.2015625 0.09287999999999999
1 0.22359375000000017 0.5481599999999998 0.1265625 0.05832
1 0.45312499999999895 0.7644800000000034 0.10625 0.048960000000000004
