0 0.0453125 0.5339999999999978 0.01875 0.024
0 0.4 0.7644000000000017 0.04375 0.056
0 0.440234375 0.4940999999999992 0.0421875 0.054
0 0.98203125 0.387 0.046875 0.06
0 0.856640625 0.08449999999999999 0.0203125 0.026
0 0.14375 0.0464 0.025 0.032
0 0.031640625 0.0399 0.0328125 0.042
1 0.5484374999999984 0.2661800000000017 0.1140625 0.052559999999999996
1 0.6818749999999982 0.8308400000000058 0.146875 0.06767999999999999
1 0.8828125 0.6249600000000001 0.134375 0.061919999999999996
1 0.6967187500000038 0.6709200000000032 0.0734375 0.033839999999999995
1 0.11953125 0.7444400000000001 0.2015625 0.09287999999999999
1 0.2295312500000002 0.5443599999999997 0.1265625 0.05832
1 0.44812499999999905 0.7612800000000034 0.10625 0.048960000000000004
