0 0.0484375 0.5387999999999978 0.01875 0.024
0 0.396875 0.7756000000000018 0.04375 0.056
0 0.437109375 0.5048999999999991 0.0421875 0.054
0 0.97890625 0.399 0.046875 0.06
0 0.859765625 0.08969999999999997 0.0203125 0.026
0 0.140625 0.05280000000000001 0.025 0.032
0 0.034765625 0.0483 0.0328125 0.042
1 0.5431249999999983 0.26278000000000173 0.1140625 0.052559999999999996
1 0.6749999999999983 0.8352400000000059 0.146875 0.06767999999999999
1 0.8890625 0.6289600000000001 0.134375 0.061919999999999996
1 0.6932812500000038 0.6687200000000031 0.0734375 0.033839999999999995
1 0.12890625 0.7384400000000001 0.2015625 0.09287999999999999
1 0.2354687500000002 0.5405599999999998 0.1265625 0.05832
1 0.443124999999999 0.7580800000000033 0.10625 0.048960000000000004
