0 0.0515625 0.5435999999999978 0.01875 0.024
0 0.39375 0.7868000000000019 0.04375 0.056
0 0.433984375 0.5156999999999992 0.0421875 0.054
0 0.97578125 0.411 0.046875 0.06
0 0.862890625 0.09489999999999996 0.0203125 0.026
0 0.1375 0.05920000000000001 0.025 0.032
0 0.037890625 0.05670000000000001 0.0328125 0.042
1 0.5378124999999984 0.2593800000000018 0.1140625 0.052559999999999996
1 0.6681249999999983 0.839640000000006 0.146875 0.06767999999999999
1 0.8953125 0.6329600000000001 0.134375 0.061919999999999996
1 0.6898437500000038 0.666520000000003 0.0734375 0.033839999999999995
1 0.13828125 0.7324400000000001 0.2015625 0.09287999999999999
1 0.2414062500000002 0.5367599999999999 0.1265625 0.05832
1 0.4381249999999991 0.7548800000000033 0.10625 0.048960000000000004
