0 0.0546875 0.5483999999999977 0.01875 0.024
0 0.390625 0.7980000000000019 0.04375 0.056
0 0.430859375 0.5264999999999991 0.0421875 0.054
0 0.97265625 0.423 0.046875 0.06
0 0.862890625 0.10009999999999995 0.0203125 0.026
0 0.134375 0.06560000000000002 0.025 0.032
0 0.034765625 0.06510000000000002 0.0328125 0.042
1 0.5324999999999984 0.2559800000000018 0.1140625 0.052559999999999996
1 0.6612499999999983 0.8440400000000061 0.146875 0.06767999999999999
1 0.9015625 0.6369600000000001 0.134375 0.061919999999999996
1 0.6864062500000037 0.664320000000003 0.0734375 0.033839999999999995
1 0.14765625 0.7264400000000001 0.2015625 0.09287999999999999
1 0.24734375000000025 0.5329599999999999 0.1265625 0.05832
1 0.433124999999999 0.7516800000000032 0.10625 0.048960000000000004
