0 0.0546875 0.5531999999999977 0.01875 0.024
0 0.3875 0.809200000000002 0.04375 0.056
0 0.433984375 0.537299999999999 0.0421875 0.054
0 0.96953125 0.435 0.046875 0.06
0 0.859765625 0.10529999999999994 0.0203125 0.026
0 0.13125 0.07200000000000001 0.025 0.032
0 0.031640625 0.07350000000000002 0.0328125 0.042
1 0.5271874999999985 0.25258000000000186 0.1140625 0.052559999999999996
1 0.6543749999999984 0.8440400000000061 0.146875 0.06767999999999999
1 0.9078125 0.6409600000000001 0.134375 0.061919999999999996
1 0.6829687500000036 0.6621200000000029 0.0734375 0.033839999999999995
1 0.15703125 0.7204400000000001 0.2015625 0.09287999999999999
1 0.25328125000000024 0.52916 0.1265625 0.05832
1 0.4281249999999991 0.7484800000000033 0.10625 0.048960000000000004
