0 0.0515625 0.5579999999999976 0.01875 0.024
0 0.3875 0.820400000000002 0.04375 0.056
0 0.437109375 0.548099999999999 0.0421875 0.054
0 0.96953125 0.447 0.046875 0.06
0 0.856640625 0.11049999999999993 0.0203125 0.026
0 0.128125 0.07840000000000003 0.025 0.032
0 0.028515625 0.08190000000000001 0.0328125 0.042
1 0.5218749999999985 0.24918000000000184 0.1140625 0.052559999999999996
1 0.6474999999999984 0.839640000000006 0.146875 0.06767999999999999
1 0.9140625 0.6449600000000001 0.134375 0.061919999999999996
1 0.6795312500000035 0.659920000000003 0.0734375 0.033839999999999995
1 0.16640625 0.7144400000000001 0.2015625 0.09287999999999999
1 0.2592187500000003 0.52536 0.1265625 0.05832
1 0.42312499999999903 0.7452800000000032 0.10625 0.048960000000000004
