0 0.0484375 0.5627999999999975 0.01875 0.024
0 0.390625 0.8316000000000021 0.04375 0.056
0 0.440234375 0.558899999999999 0.0421875 0.054
0 0.97265625 0.459 0.046875 0.06
0 0.853515625 0.11569999999999991 0.0203125 0.026
0 0.128125 0.08480000000000003 0.025 0.032
0 0.025390625 0.09030000000000002 0.0328125 0.042
1 0.5165624999999985 0.24578000000000189 0.1140625 0.052559999999999996
1 0.6406249999999984 0.8352400000000059 0.146875 0.06767999999999999
1 0.9203125 0.64896 0.134375 0.061919999999999996
1 0.6760937500000035 0.6577200000000029 0.0734375 0.033839999999999995
1 0.17578125 0.7084400000000001 0.2015625 0.09287999999999999
1 0.2651562500000003 0.52156 0.1265625 0.05832
1 0.41812499999999914 0.7420800000000031 0.10625 0.048960000000000004
