0 0.0453125 0.5675999999999976 0.01875 0.024
0 0.39375 0.8428000000000021 0.04375 0.056
0 0.443359375 0.5696999999999989 0.0421875 0.054
0 0.97578125 0.471 0.046875 0.06
0 0.850390625 0.12089999999999991 0.0203125 0.026
0 0.13125 0.09120000000000003 0.025 0.032
0 0.022265625 0.09870000000000004 0.0328125 0.042
1 0.5112499999999985 0.2423800000000019 0.1140625 0.052559999999999996
1 0.6337499999999985 0.8308400000000058 0.146875 0.06767999999999999
1 0.9265625 0.65296 0.134375 0.061919999999999996
1 0.6726562500000034 0.6555200000000029 0.0734375 0.033839999999999995
1 0.18515625 0.7024400000000001 0.2015625 0.09287999999999999
1 0.2710937500000003 0.5177600000000001 0.1265625 0.05832
1 0.4131249999999991 0.7388800000000031 0.10625 0.048960000000000004
