0 0.0421875 0.5723999999999975 0.01875 0.024
0 0.396875 0.8540000000000022 0.04375 0.056
0 0.446484375 0.5804999999999989 0.0421875 0.054
0 0.97890625 0.483 0.046875 0.06
0 0.847265625 0.1260999999999999 0.0203125 0.026
0 0.134375 0.09760000000000003 0.025 0.032
0 0.019140625 0.10710000000000004 0.0328125 0.042
1 0.5059374999999986 0.2389800000000019 0.1140625 0.052559999999999996
1 0.6268749999999985 0.8264400000000057 0.146875 0.06767999999999999
1 0.9328125 0.65696 0.134375 0.061919999999999996
1 0.6692187500000033 0.6533200000000028 0.0734375 0.033839999999999995
1 0.19453125 0.6964400000000001 0.2015625 0.09287999999999999
1 0.27703125000000034 0.5139600000000002 0.1265625 0.05832
1 0.4081249999999992 0.735680000000003 0.10625 0.048960000000000004
