0 0.0390625 0.5771999999999974 0.01875 0.024
0 0.4 0.8652000000000022 0.04375 0.056
0 0.449609375 0.5912999999999988 0.0421875 0.054
0 0.98203125 0.495 0.046875 0.06
0 0.847265625 0.1312999999999999 0.0203125 0.026
0 0.1375 0.10400000000000004 0.025 0.032
0 0.022265625 0.11550000000000005 0.0328125 0.042
1 0.5006249999999987 0.23558000000000195 0.1140625 0.052559999999999996
1 0.6199999999999986 0.8220400000000057 0.146875 0.06767999999999999
1 0.9328125 0.66096 0.134375 0.061919999999999996
1 0.6657812500000032 0.6511200000000027 0.0734375 0.033839999999999995
1 0.20390625 0.69044 0.2015625 0.09287999999999999
1 0.2829687500000003 0.5101600000000003 0.1265625 0.05832
1 0.4031249999999991 0.732480000000003 0.10625 0.048960000000000004
