0 0.0390625 0.5819999999999974 0.01875 0.024
0 0.403125 0.8764000000000023 0.04375 0.056
0 0.446484375 0.6020999999999987 0.0421875 0.054
0 0.98515625 0.507 0.046875 0.06
0 0.850390625 0.1364999999999999 0.0203125 0.026
0 0.140625 0.11040000000000005 0.025 0.032
0 0.025390625 0.12390000000000005 0.0328125 0.042
1 0.49531249999999866 0.23218000000000197 0.1140625 0.052559999999999996
1 0.6131249999999986 0.8176400000000056 0.146875 0.06767999999999999
1 0.9265625 0.66496 0.134375 0.061919999999999996
1 0.6623437500000031 0.6489200000000027 0.0734375 0.033839999999999995
1 0.21328125 0.68444 0.2015625 0.09287999999999999
1 0.28890625000000036 0.5063600000000003 0.1265625 0.05832
1 0.3981249999999992 0.7292800000000029 0.10625 0.048960000000000004
