0 0.0421875 0.5867999999999973 0.01875 0.024
0 0.403125 0.8876000000000023 0.04375 0.056
0 0.443359375 0.6128999999999988 0.0421875 0.054
0 0.98515625 0.519 0.046875 0.06
0 0.853515625 0.14169999999999988 0.0203125 0.026
0 0.14375 0.11680000000000006 0.025 0.032
0 0.028515625 0.13230000000000006 0.0328125 0.042
1 0.4899999999999987 0.22878000000000198 0.1140625 0.052559999999999996
1 0.6062499999999986 0.8132400000000055 0.146875 0.06767999999999999
1 0.9203125 0.66896 0.134375 0.061919999999999996
1 0.6589062500000031 0.6467200000000026 0.0734375 0.033839999999999995
1 0.22265625 0.67844 0.2015625 0.09287999999999999
1 0.2948437500000004 0.5025600000000003 0.1265625 0.05832
1 0.39312499999999917 0.7260800000000028 0.10625 0.048960000000000004
