0 0.0453125 0.5915999999999972 0.01875 0.024
0 0.4 0.8988000000000024 0.04375 0.056
0 0.440234375 0.6236999999999987 0.0421875 0.054
0 0.98203125 0.531 0.046875 0.06
0 0.856640625 0.14689999999999986 0.0203125 0.026
0 0.14375 0.12320000000000006 0.025 0.032
0 0.031640625 0.14070000000000005 0.0328125 0.042
1 0.4846874999999987 0.22538000000000202 0.1140625 0.052559999999999996
1 0.5993749999999987 0.8088400000000053 0.146875 0.06767999999999999
1 0.9140625 0.67296 0.134375 0.061919999999999996
1 0.655468750000003 0.6445200000000026 0.0734375 0.033839999999999995
1 0.23203125 0.67244 0.2015625 0.09287999999999999
1 0.3007812500000004 0.49876000000000037 0.1265625 0.05832
1 0.3881249999999992 0.7228800000000029 0.10625 0.048960000000000004
