0 0.0484375 0.5963999999999973 0.01875 0.024
0 0.396875 0.9100000000000024 0.04375 0.056
0 0.437109375 0.6344999999999986 0.0421875 0.054
0 0.97890625 0.543 0.046875 0.06
0 0.859765625 0.15209999999999985 0.0203125 0.026
0 0.140625 0.12960000000000008 0.025 0.032
0 0.034765625 0.1491 0.0328125 0.042
1 0.4793749999999988 0.22198000000000204 0.1140625 0.052559999999999996
1 0.5924999999999987 0.8044400000000053 0.146875 0.06767999999999999
1 0.9078125 0.67696 0.134375 0.061919999999999996
1 0.652031250000003 0.6423200000000026 0.0734375 0.033839999999999995
1 0.24140625 0.66644 0.2015625 0.09287999999999999
1 0.30671875000000043 0.49496000000000046 0.1265625 0.05832
1 0.3831249999999992 0.7196800000000028 0.10625 0.048960000000000004
