0 0.0515625 0.6011999999999972 0.01875 0.024
0 0.39375 0.9212000000000025 0.04375 0.056
0 0.433984375 0.6452999999999985 0.0421875 0.054
0 0.97578125 0.555 0.046875 0.06
0 0.862890625 0.15729999999999983 0.0203125 0.026
0 0.1375 0.13600000000000007 0.025 0.032
0 0.037890625 0.1575 0.0328125 0.042
1 0.47406249999999883 0.21858000000000205 0.1140625 0.052559999999999996
1 0.5856249999999987 0.8000400000000052 0.146875 0.06767999999999999
1 0.9015625 0.68096 0.134375 0.061919999999999996
1 0.6485937500000029 0.6401200000000025 0.0734375 0.033839999999999995
1 0.25078125 0.66044 0.2015625 0.09287999999999999
1 0.3126562500000004 0.4911600000000005 0.1265625 0.05832
1 0.37812499999999927 0.7164800000000028 0.10625 0.048960000000000004
