0 0.0546875 0.6059999999999972 0.01875 0.024
0 0.390625 0.9324000000000024 0.04375 0.056
0 0.430859375 0.6560999999999986 0.0421875 0.054
0 0.97265625 0.567 0.046875 0.06
0 0.862890625 0.16249999999999984 0.0203125 0.026
0 0.134375 0.14240000000000003 0.025 0.032
0 0.034765625 0.16589999999999996 0.0328125 0.042
1 0.46874999999999883 0.2151800000000021 0.1140625 0.052559999999999996
1 0.5787499999999988 0.7956400000000051 0.146875 0.06767999999999999
1 0.8953125 0.68496 0.134375 0.061919999999999996
1 0.6451562500000028 0.6379200000000025 0.0734375 0.033839999999999995
1 0.26015625 0.65444 0.2015625 0.09287999999999999
1 0.31859375000000045 0.4873600000000005 0.1265625 0.05832
1 0.37312499999999926 0.7132800000000027 0.10625 0.048960000000000004
