0 0.0546875 0.6107999999999971 0.01875 0.024
0 0.3875 0.9436000000000025 0.04375 0.056
0 0.433984375 0.6668999999999985 0.0421875 0.054
0 0.96953125 0.579 0.046875 0.06
0 0.859765625 0.16769999999999982 0.0203125 0.026
0 0.13125 0.14880000000000002 0.025 0.032
0 0.031640625 0.17429999999999995 0.0328125 0.042
0 0.50625 0.016800000000000002 0.0375 0.048
1 0.4634374999999989 0.2117800000000021 0.1140625 0.052559999999999996
1 0.5718749999999988 0.791240000000005 0.146875 0.06767999999999999
1 0.8890625 0.68896 0.134375 0.061919999999999996
1 0.6417187500000028 0.6357200000000024 0.0734375 0.033839999999999995
1 0.26953125 0.64844 0.2015625 0.09287999999999999
1 0.3245312500000005 0.48356000000000054 0.1265625 0.05832
1 0.36812499999999926 0.7100800000000027 0.10625 0.048960000000000004
