0 0.0515625 0.615599999999997 0.01875 0.024
0 0.3875 0.9548000000000025 0.04375 0.056
0 0.437109375 0.6776999999999984 0.0421875 0.054
0 0.96953125 0.591 0.046875 0.06
0 0.856640625 0.1728999999999998 0.0203125 0.026
0 0.128125 0.15519999999999998 0.025 0.032
0 0.028515625 0.18269999999999992 0.0328125 0.042
0 0.509375 0.0264 0.0375 0.048
0 0.349609375 0.013300000000000001 0.0296875 0.038
1 0.4581249999999989 0.20838000000000212 0.1140625 0.052559999999999996
1 0.5649999999999988 0.7868400000000049 0.146875 0.06767999999999999
1 0.8828125 0.69296 0.134375 0.061919999999999996
1 0.6382812500000027 0.6335200000000024 0.0734375 0.033839999999999995
1 0.27890625 0.64244 0.2015625 0.09287999999999999
1 0.3304687500000005 0.47976000000000063 0.1265625 0.05832
1 0.3631249999999993 0.7068800000000026 0.10625 0.048960000000000004
