0 0.0484375 0.6203999999999971 0.01875 0.024
0 0.390625 0.9660000000000026 0.04375 0.056
0 0.440234375 0.6884999999999984 0.0421875 0.054
0 0.97265625 0.603 0.046875 0.06
0 0.853515625 0.1780999999999998 0.0203125 0.026
0 0.128125 0.16159999999999997 0.025 0.032
0 0.025390625 0.1910999999999999 0.0328125 0.042
0 0.5125 0.036 0.0375 0.048
0 0.352734375 0.0209 0.0296875 0.038
1 0.45281249999999895 0.20498000000000216 0.1140625 0.052559999999999996
1 0.5581249999999989 0.7824400000000048 0.146875 0.06767999999999999
1 0.8765625 0.69696 0.134375 0.061919999999999996
1 0.6348437500000026 0.6313200000000023 0.0734375 0.033839999999999995
1 0.28828125 0.63644 0.2015625 0.09287999999999999
1 0.3364062500000005 0.47596000000000066 0.1265625 0.05832
1 0.3581249999999993 0.7036800000000025 0.10625 0.048960000000000004
