0 0.0453125 0.625199999999997 0.01875 0.024
0 0.39375 0.9772000000000026 0.04375 0.056
0 0.443359375 0.6992999999999984 0.0421875 0.054
0 0.97578125 0.615 0.046875 0.06
0 0.850390625 0.1832999999999998 0.0203125 0.026
0 0.13125 0.16799999999999995 0.025 0.032
0 0.022265625 0.1994999999999999 0.0328125 0.042
0 0.515625 0.0456 0.0375 0.048
0 0.355859375 0.0285 0.0296875 0.038
1 0.447499999999999 0.20158000000000217 0.1140625 0.052559999999999996
1 0.5512499999999989 0.7780400000000047 0.146875 0.06767999999999999
1 0.8703125 0.70096 0.134375 0.061919999999999996
1 0.6314062500000025 0.6291200000000022 0.0734375 0.033839999999999995
1 0.29765625 0.63044 0.2015625 0.09287999999999999
1 0.3423437500000005 0.4721600000000007 0.1265625 0.05832
1 0.35312499999999936 0.7004800000000025 0.10625 0.048960000000000004
