0 0.0421875 0.6299999999999969 0.01875 0.024
0 0.396875 0.9884000000000027 0.04375 0.056
0 0.446484375 0.7100999999999983 0.0421875 0.054
0 0.97890625 0.627 0.046875 0.06
0 0.847265625 0.18849999999999978 0.0203125 0.026
0 0.134375 0.17439999999999992 0.025 0.032
0 0.019140625 0.20789999999999986 0.0328125 0.042
0 0.51875 0.0552 0.0375 0.048
0 0.358984375 0.0361 0.0296875 0.038
1 0.442187499999999 0.1981800000000022 0.1140625 0.052559999999999996
1 0.5443749999999989 0.7736400000000047 0.146875 0.06767999999999999
1 0.8640625 0.70496 0.134375 0.061919999999999996
1 0.6279687500000024 0.6269200000000023 0.0734375 0.033839999999999995
1 0.30703125 0.6244400000000001 0.2015625 0.09287999999999999
1 0.34828125000000054 0.4683600000000008 0.1265625 0.05832
1 0.34812499999999935 0.6972800000000025 0.10625 0.048960000000000004
