0 0.0390625 0.6347999999999969 0.01875 0.024
0 0.4 0.9996000000000027 0.04375 0.056
0 0.449609375 0.7208999999999983 0.0421875 0.054
0 0.98203125 0.639 0.046875 0.06
0 0.847265625 0.19369999999999976 0.0203125 0.026
0 0.1375 0.1807999999999999 0.025 0.032
0 0.022265625 0.21629999999999985 0.0328125 0.042
0 0.521875 0.06479999999999998 0.0375 0.048
0 0.362109375 0.0437 0.0296875 0.038
1 0.43687499999999907 0.19478000000000223 0.1140625 0.052559999999999996
1 0.537499999999999 0.7692400000000046 0.146875 0.06767999999999999
1 0.8578125 0.70896 0.134375 0.061919999999999996
1 0.6245312500000024 0.6247200000000022 0.0734375 0.033839999999999995
1 0.31640625 0.6184400000000001 0.2015625 0.09287999999999999
1 0.3542187500000006 0.4645600000000008 0.1265625 0.05832
1 0.34312499999999935 0.6940800000000025 0.10625 0.048960000000000004
