0 0.0390625 0.6395999999999968 0.01875 0.024
0 0.403125 1.0108000000000028 0.04375 0.056
0 0.446484375 0.7316999999999982 0.0421875 0.054
0 0.98515625 0.651 0.046875 0.06
0 0.850390625 0.19889999999999974 0.0203125 0.026
0 0.140625 0.18719999999999987 0.025 0.032
0 0.025390625 0.22469999999999982 0.0328125 0.042
0 0.51875 0.07439999999999998 0.0375 0.048
0 0.365234375 0.0513 0.0296875 0.038
1 0.43156249999999907 0.19138000000000224 0.1140625 0.052559999999999996
1 0.530624999999999 0.7648400000000045 0.146875 0.06767999999999999
1 0.8515625 0.71296 0.134375 0.061919999999999996
1 0.6210937500000023 0.6225200000000022 0.0734375 0.033839999999999995
1 0.32578125 0.6124400000000001 0.2015625 0.09287999999999999
1 0.36015625000000057 0.46076000000000084 0.1265625 0.05832
1 0.3381249999999994 0.6908800000000024 0.10625 0.048960000000000004
