0 0.0421875 0.6443999999999968 0.01875 0.024
0 0.98515625 0.663 0.046875 0.06
0 0.853515625 0.20409999999999973 0.0203125 0.026
0 0.14375 0.19359999999999986 0.025 0.032
0 0.028515625 0.2330999999999998 0.0328125 0.042
0 0.515625 0.08399999999999999 0.0375 0.048
0 0.362109375 0.058899999999999994 0.0296875 0.038
1 0.42624999999999913 0.18798000000000226 0.1140625 0.052559999999999996
1 0.523749999999999 0.7604400000000043 0.146875 0.06767999999999999
1 0.8453125 0.71696 0.134375 0.061919999999999996
1 0.6176562500000022 0.6203200000000021 0.0734375 0.033839999999999995
1 0.33515625 0.6064400000000001 0.2015625 0.09287999999999999
1 0.3660937500000006 0.45696000000000087 0.1265625 0.05832
1 0.3331249999999994 0.6876800000000023 0.10625 0.048960000000000004
