0 0.0453125 0.6491999999999968 0.01875 0.024
0 0.98203125 0.675 0.046875 0.06
0 0.856640625 0.20929999999999974 0.0203125 0.026
0 0.14375 0.19999999999999982 0.025 0.032
0 0.031640625 0.24149999999999977 0.0328125 0.042
0 0.5125 0.09359999999999997 0.0375 0.048
0 0.358984375 0.06649999999999999 0.0296875 0.038
1 0.4209374999999992 0.1845800000000023 0.1140625 0.052559999999999996
1 0.5168749999999991 0.7560400000000043 0.146875 0.06767999999999999
1 0.8390625 0.72096 0.134375 0.061919999999999996
1 0.6142187500000021 0.618120000000002 0.0734375 0.033839999999999995
1 0.34453125 0.6004400000000001 0.2015625 0.09287999999999999
1 0.3720312500000006 0.45316000000000095 0.1265625 0.05832
1 0.32812499999999944 0.6844800000000023 0.10625 0.048960000000000004
