0 0.0484375 0.6539999999999967 0.01875 0.024
0 0.97890625 0.687 0.046875 0.06
0 0.859765625 0.21449999999999972 0.0203125 0.026
0 0.140625 0.2063999999999998 0.025 0.032
0 0.034765625 0.24989999999999976 0.0328125 0.042
0 0.509375 0.10319999999999997 0.0375 0.048
0 0.355859375 0.07409999999999999 0.0296875 0.038
0 0.375 0.016800000000000002 0.0375 0.048
1 0.4156249999999992 0.1811800000000023 0.1140625 0.052559999999999996
1 0.5099999999999991 0.7516400000000042 0.146875 0.06767999999999999
1 0.8328125 0.72496 0.134375 0.061919999999999996
1 0.610781250000002 0.615920000000002 0.0734375 0.033839999999999995
1 0.35390625 0.5944400000000001 0.2015625 0.09287999999999999
1 0.37796875000000063 0.449360000000001 0.1265625 0.05832
1 0.32312499999999944 0.6812800000000022 0.10625 0.048960000000000004
