0 0.0515625 0.6587999999999966 0.01875 0.024
0 0.97578125 0.699 0.046875 0.06
0 0.862890625 0.2196999999999997 0.0203125 0.026
0 0.1375 0.2127999999999998 0.025 0.032
0 0.037890625 0.25829999999999975 0.0328125 0.042
0 0.50625 0.11279999999999997 0.0375 0.048
0 0.352734375 0.08169999999999998 0.0296875 0.038
0 0.378125 0.0264 0.0375 0.048
1 0.41031249999999925 0.17778000000000233 0.1140625 0.052559999999999996
1 0.5031249999999992 0.7472400000000041 0.146875 0.06767999999999999
1 0.8265625 0.72896 0.134375 0.061919999999999996
1 0.6073437500000021 0.6137200000000019 0.0734375 0.033839999999999995
1 0.36328125 0.5884400000000001 0.2015625 0.09287999999999999
1 0.38390625000000067 0.445560000000001 0.1265625 0.05832
1 0.31812499999999944 0.6780800000000022 0.10625 0.048960000000000004
