0 0.0546875 0.6635999999999966 0.01875 0.024
0 0.97265625 0.711 0.046875 0.06
0 0.862890625 0.22489999999999968 0.0203125 0.026
0 0.134375 0.21919999999999976 0.025 0.032
0 0.034765625 0.2666999999999997 0.0328125 0.042
0 0.503125 0.12239999999999997 0.0375 0.048
0 0.349609375 0.08929999999999996 0.0296875 0.038
0 0.38125 0.036 0.0375 0.048
0 0.332421875 0.013300000000000001 0.0296875 0.038
1 0.40499999999999925 0.17438000000000237 0.1140625 0.052559999999999996
1 0.49624999999999914 0.742840000000004 0.146875 0.06767999999999999
1 0.8203125 0.7329600000000001 0.134375 0.061919999999999996
1 0.603906250000002 0.611520000000002 0.0734375 0.033839999999999995
1 0.37265625 0.5824400000000001 0.2015625 0.09287999999999999
1 0.38984375000000066 0.4417600000000011 0.1265625 0.05832
1 0.3131249999999995 0.6748800000000021 0.10625 0.048960000000000004
