0 0.0546875 0.6683999999999966 0.01875 0.024
0 0.96953125 0.723 0.046875 0.06
0 0.859765625 0.2300999999999997 0.0203125 0.026
0 0.13125 0.22559999999999975 0.025 0.032
0 0.031640625 0.2750999999999997 0.0328125 0.042
0 0.50625 0.13199999999999995 0.0375 0.048
0 0.346484375 0.09689999999999996 0.0296875 0.038
0 0.384375 0.0456 0.0375 0.048
0 0.335546875 0.0209 0.0296875 0.038
1 0.3996874999999993 0.17098000000000238 0.1140625 0.052559999999999996
1 0.48937499999999917 0.7384400000000039 0.146875 0.06767999999999999
1 0.8140625 0.7369600000000001 0.134375 0.061919999999999996
1 0.6004687500000019 0.6093200000000019 0.0734375 0.033839999999999995
1 0.38203125 0.5764400000000001 0.2015625 0.09287999999999999
1 0.3957812500000007 0.4379600000000011 0.1265625 0.05832
1 0.3081249999999995 0.6716800000000022 0.10625 0.048960000000000004
