0 0.0515625 0.6731999999999965 0.01875 0.024
0 0.96953125 0.735 0.046875 0.06
0 0.856640625 0.23529999999999968 0.0203125 0.026
0 0.128125 0.2319999999999997 0.025 0.032
0 0.028515625 0.28349999999999964 0.0328125 0.042
0 0.509375 0.14159999999999998 0.0375 0.048
0 0.349609375 0.10449999999999995 0.0296875 0.038
0 0.3875 0.0552 0.0375 0.048
0 0.338671875 0.0285 0.0296875 0.038
1 0.39437499999999936 0.1675800000000024 0.1140625 0.052559999999999996
1 0.4824999999999992 0.7340400000000038 0.146875 0.06767999999999999
1 0.8078125 0.7409600000000001 0.134375 0.061919999999999996
1 0.5970312500000018 0.6071200000000018 0.0734375 0.033839999999999995
1 0.39140625 0.5704400000000001 0.2015625 0.09287999999999999
1 0.40171875000000073 0.43416000000000116 0.1265625 0.05832
1 0.30312499999999953 0.6684800000000021 0.10625 0.048960000000000004
