0 0.0484375 0.6779999999999965 0.01875 0.024
0 0.97265625 0.747 0.046875 0.06
0 0.853515625 0.24049999999999966 0.0203125 0.026
0 0.128125 0.2383999999999997 0.025 0.032
0 0.025390625 0.29189999999999966 0.0328125 0.042
0 0.5125 0.1512 0.0375 0.048
0 0.352734375 0.11209999999999995 0.0296875 0.038
0 0.390625 0.06479999999999998 0.0375 0.048
0 0.341796875 0.0361 0.0296875 0.038
1 0.38906249999999937 0.16418000000000244 0.1140625 0.052559999999999996
1 0.47562499999999924 0.7296400000000037 0.146875 0.06767999999999999
1 0.8015625 0.7449600000000001 0.134375 0.061919999999999996
1 0.5935937500000017 0.6049200000000018 0.0734375 0.033839999999999995
1 0.40078125 0.56444 0.2015625 0.09287999999999999
1 0.40765625000000066 0.4303600000000012 0.1265625 0.05832
1 0.29812499999999953 0.665280000000002 0.10625 0.048960000000000004
