0 0.0453125 0.6827999999999964 0.01875 0.024
0 0.97578125 0.759 0.046875 0.06
0 0.850390625 0.24569999999999964 0.0203125 0.026
0 0.13125 0.24479999999999966 0.025 0.032
0 0.022265625 0.3002999999999996 0.0328125 0.042
0 0.515625 0.1608 0.0375 0.048
0 0.355859375 0.11969999999999995 0.0296875 0.038
0 0.3875 0.07439999999999998 0.0375 0.048
0 0.344921875 0.0437 0.0296875 0.038
0 0.391796875 0.020700000000000003 0.0359375 0.046
1 0.3837499999999994 0.16078000000000245 0.1140625 0.052559999999999996
1 0.4687499999999993 0.7252400000000037 0.146875 0.06767999999999999
1 0.7953125 0.7489600000000001 0.134375 0.061919999999999996
1 0.5901562500000017 0.6027200000000017 0.0734375 0.033839999999999995
1 0.41015625 0.55844 0.2015625 0.09287999999999999
1 0.41359375000000076 0.42656000000000127 0.1265625 0.05832
1 0.2931249999999995 0.662080000000002 0.10625 0.048960000000000004
