0 0.0421875 0.6875999999999964 0.01875 0.024
0 0.97890625 0.771 0.046875 0.06
0 0.847265625 0.2508999999999996 0.0203125 0.026
0 0.134375 0.25119999999999965 0.025 0.032
0 0.019140625 0.3086999999999996 0.0328125 0.042
0 0.51875 0.17040000000000002 0.0375 0.048
0 0.358984375 0.12729999999999994 0.0296875 0.038
0 0.384375 0.08399999999999999 0.0375 0.048
0 0.348046875 0.0513 0.0296875 0.038
0 0.394921875 0.029900000000000003 0.0359375 0.046
1 0.3784374999999994 0.15738000000000246 0.1140625 0.052559999999999996
1 0.4618749999999993 0.7208400000000036 0.146875 0.06767999999999999
1 0.7890625 0.7529600000000001 0.134375 0.061919999999999996
1 0.5867187500000016 0.6005200000000017 0.0734375 0.033839999999999995
1 0.41953125 0.55244 0.2015625 0.09287999999999999
1 0.4195312500000007 0.4227600000000013 0.1265625 0.05832
1 0.2881249999999996 0.6588800000000019 0.10625 0.048960000000000004
