0 0.0390625 0.6923999999999964 0.01875 0.024
0 0.98203125 0.783 0.046875 0.06
0 0.847265625 0.2560999999999996 0.0203125 0.026
0 0.1375 0.2575999999999996 0.025 0.032
0 0.022265625 0.31709999999999955 0.0328125 0.042
0 0.521875 0.18000000000000005 0.0375 0.048
0 0.362109375 0.1348999999999999 0.0296875 0.038
0 0.38125 0.09359999999999997 0.0375 0.048
0 0.344921875 0.058899999999999994 0.0296875 0.038
0 0.398046875 0.03910000000000001 0.0359375 0.046
0 0.2703125 0.025200000000000004 0.04375 0.056
1 0.3731249999999995 0.15398000000000248 0.1140625 0.052559999999999996
1 0.45499999999999935 0.7164400000000035 0.146875 0.06767999999999999
1 0.7828125 0.7569600000000001 0.134375 0.061919999999999996
1 0.5832812500000015 0.5983200000000016 0.0734375 0.033839999999999995
1 0.42890625 0.54644 0.2015625 0.09287999999999999
1 0.42546875000000084 0.41896000000000133 0.1265625 0.05832
1 0.28312499999999957 0.6556800000000019 0.10625 0.048960000000000004
