0 0.0390625 0.6971999999999963 0.01875 0.024
0 0.98515625 0.795 0.046875 0.06
0 0.850390625 0.2612999999999996 0.0203125 0.026
0 0.140625 0.2639999999999996 0.025 0.032
0 0.025390625 0.32549999999999957 0.0328125 0.042
0 0.51875 0.18960000000000007 0.0375 0.048
0 0.365234375 0.14249999999999993 0.0296875 0.038
0 0.378125 0.10319999999999997 0.0375 0.048
0 0.341796875 0.06649999999999999 0.0296875 0.038
0 0.401171875 0.0483 0.0359375 0.046
0 0.2734375 0.03640000000000001 0.04375 0.056
1 0.36781249999999954 0.15058000000000246 0.1140625 0.052559999999999996
1 0.4481249999999994 0.7120400000000033 0.146875 0.06767999999999999
1 0.7765625 0.7609600000000001 0.134375 0.061919999999999996
1 0.5798437500000014 0.5961200000000016 0.0734375 0.033839999999999995
1 0.43828125 0.54044 0.2015625 0.09287999999999999
1 0.43140625000000077 0.4151600000000014 0.1265625 0.05832
1 0.2781249999999996 0.6524800000000018 0.10625 0.048960000000000004
