0 0.0421875 0.7019999999999963 0.01875 0.024
0 0.98515625 0.807 0.046875 0.06
0 0.853515625 0.2664999999999997 0.0203125 0.026
0 0.14375 0.2703999999999996 0.025 0.032
0 0.028515625 0.33389999999999953 0.0328125 0.042
0 0.515625 0.1992000000000001 0.0375 0.048
0 0.362109375 0.15009999999999996 0.0296875 0.038
0 0.375 0.11279999999999997 0.0375 0.048
0 0.338671875 0.07409999999999999 0.0296875 0.038
0 0.404296875 0.05750000000000001 0.0359375 0.046
0 0.2765625 0.0476 0.04375 0.056
1 0.36249999999999954 0.14718000000000245 0.1140625 0.052559999999999996
1 0.4412499999999994 0.7076400000000033 0.146875 0.06767999999999999
1 0.7703125 0.7649600000000001 0.134375 0.061919999999999996
1 0.5764062500000013 0.5939200000000016 0.0734375 0.033839999999999995
1 0.44765625 0.53444 0.2015625 0.09287999999999999
1 0.43734375000000086 0.41136000000000145 0.1265625 0.05832
1 0.2731249999999996 0.6492800000000017 0.10625 0.048960000000000004
