0 0.0453125 0.7067999999999962 0.01875 0.024
0 0.98203125 0.819 0.046875 0.06
0 0.856640625 0.2716999999999997 0.0203125 0.026
0 0.14375 0.27679999999999955 0.025 0.032
0 0.031640625 0.3422999999999995 0.0328125 0.042
0 0.5125 0.20880000000000012 0.0375 0.048
0 0.358984375 0.15769999999999998 0.0296875 0.038
0 0.371875 0.12239999999999997 0.0375 0.048
0 0.335546875 0.08169999999999998 0.0296875 0.038
0 0.404296875 0.06670000000000002 0.0359375 0.046
0 0.2796875 0.058800000000000005 0.04375 0.056
1 0.3571874999999996 0.14378000000000243 0.1140625 0.052559999999999996
1 0.43437499999999946 0.7032400000000032 0.146875 0.06767999999999999
1 0.7640625 0.7689600000000001 0.134375 0.061919999999999996
1 0.5729687500000014 0.5917200000000015 0.0734375 0.033839999999999995
1 0.45703125 0.52844 0.2015625 0.09287999999999999
1 0.4432812500000008 0.4075600000000015 0.1265625 0.05832
1 0.2681249999999996 0.6460800000000018 0.10625 0.048960000000000004
