0 0.0484375 0.7115999999999961 0.01875 0.024
0 0.97890625 0.831 0.046875 0.06
0 0.859765625 0.27689999999999976 0.0203125 0.026
0 0.140625 0.2831999999999995 0.025 0.032
0 0.034765625 0.35069999999999946 0.0328125 0.042
0 0.509375 0.21840000000000015 0.0375 0.048
0 0.355859375 0.1653 0.0296875 0.038
0 0.375 0.13199999999999995 0.0375 0.048
0 0.332421875 0.08929999999999996 0.0296875 0.038
0 0.401171875 0.07590000000000001 0.0359375 0.046
0 0.2828125 0.07 0.04375 0.056
1 0.3518749999999996 0.14038000000000245 0.1140625 0.052559999999999996
1 0.4274999999999995 0.6988400000000031 0.146875 0.06767999999999999
1 0.7578125 0.7729600000000001 0.134375 0.061919999999999996
1 0.5695312500000013 0.5895200000000015 0.0734375 0.033839999999999995
1 0.46640625 0.52244 0.2015625 0.09287999999999999
1 0.4492187500000009 0.4037600000000015 0.1265625 0.05832
1 0.26312499999999966 0.6428800000000017 0.10625 0.048960000000000004
