0 0.0515625 0.7163999999999962 0.01875 0.024
0 0.97578125 0.843 0.046875 0.06
0 0.862890625 0.2820999999999998 0.0203125 0.026
0 0.1375 0.2895999999999995 0.025 0.032
0 0.037890625 0.3590999999999995 0.0328125 0.042
0 0.50625 0.22800000000000017 0.0375 0.048
0 0.352734375 0.17290000000000003 0.0296875 0.038
0 0.378125 0.14159999999999998 0.0375 0.048
0 0.329296875 0.09689999999999996 0.0296875 0.038
0 0.398046875 0.0851 0.0359375 0.046
0 0.2828125 0.08120000000000001 0.04375 0.056
1 0.34656249999999966 0.13698000000000243 0.1140625 0.052559999999999996
1 0.4206249999999995 0.694440000000003 0.146875 0.06767999999999999
1 0.7515625 0.77696 0.134375 0.061919999999999996
1 0.5660937500000012 0.5873200000000014 0.0734375 0.033839999999999995
1 0.47578125 0.51644 0.2015625 0.09287999999999999
1 0.4551562500000008 0.3999600000000016 0.1265625 0.05832
1 0.25812499999999966 0.6396800000000017 0.10625 0.048960000000000004
