0 0.0546875 0.7211999999999961 0.01875 0.024
0 0.97265625 0.855 0.046875 0.06
0 0.862890625 0.28729999999999983 0.0203125 0.026
0 0.134375 0.2959999999999995 0.025 0.032
0 0.034765625 0.36749999999999944 0.0328125 0.042
0 0.503125 0.2376000000000002 0.0375 0.048
0 0.349609375 0.18050000000000005 0.0296875 0.038
0 0.38125 0.1512 0.0375 0.048
0 0.332421875 0.10449999999999995 0.0296875 0.038
0 0.394921875 0.09429999999999998 0.0359375 0.046
0 0.2796875 0.0924 0.04375 0.056
1 0.3412499999999997 0.13358000000000242 0.1140625 0.052559999999999996
1 0.41374999999999956 0.6900400000000029 0.146875 0.06767999999999999
1 0.7453125 0.78096 0.134375 0.061919999999999996
1 0.5626562500000011 0.5851200000000014 0.0734375 0.033839999999999995
1 0.48515625 0.51044 0.2015625 0.09287999999999999
1 0.4610937500000009 0.3961600000000016 0.1265625 0.05832
1 0.2531249999999997 0.6364800000000016 0.10625 0.048960000000000004
