0 0.0546875 0.725999999999996 0.01875 0.024
0 0.96953125 0.867 0.046875 0.06
0 0.859765625 0.29249999999999987 0.0203125 0.026
0 0.13125 0.30239999999999945 0.025 0.032
0 0.031640625 0.3758999999999994 0.0328125 0.042
0 0.50625 0.24720000000000023 0.0375 0.048
0 0.346484375 0.18810000000000007 0.0296875 0.038
0 0.384375 0.1608 0.0375 0.048
0 0.335546875 0.11209999999999995 0.0296875 0.038
0 0.391796875 0.10349999999999997 0.0359375 0.046
0 0.2765625 0.10359999999999998 0.04375 0.056
1 0.3359374999999997 0.13018000000000243 0.1140625 0.052559999999999996
1 0.4068749999999996 0.6856400000000028 0.146875 0.06767999999999999
1 0.7390625 0.78496 0.134375 0.061919999999999996
1 0.559218750000001 0.5829200000000013 0.0734375 0.033839999999999995
1 0.49453125 0.50444 0.2015625 0.09287999999999999
1 0.46703125000000084 0.39236000000000165 0.1265625 0.05832
1 0.2481249999999997 0.6332800000000016 0.10625 0.048960000000000004
