0 0.0515625 0.730799999999996 0.01875 0.024
0 0.96953125 0.879 0.046875 0.06
0 0.856640625 0.2976999999999999 0.0203125 0.026
0 0.128125 0.30879999999999946 0.025 0.032
0 0.028515625 0.38429999999999936 0.0328125 0.042
0 0.509375 0.25680000000000025 0.0375 0.048
0 0.349609375 0.1957000000000001 0.0296875 0.038
0 0.3875 0.17040000000000002 0.0375 0.048
0 0.338671875 0.11969999999999995 0.0296875 0.038
0 0.388671875 0.11269999999999997 0.0359375 0.046
0 0.2734375 0.11479999999999997 0.04375 0.056
1 0.3306249999999998 0.12678000000000242 0.1140625 0.052559999999999996
1 0.39999999999999963 0.6812400000000027 0.146875 0.06767999999999999
1 0.7328125 0.78896 0.134375 0.061919999999999996
1 0.555781250000001 0.5807200000000012 0.0734375 0.033839999999999995
1 0.50390625 0.49844 0.2015625 0.09287999999999999
1 0.47296875000000077 0.3885600000000017 0.1265625 0.05832
1 0.24312499999999973 0.6300800000000015 0.10625 0.048960000000000004
