0 0.0484375 0.7355999999999959 0.01875 0.024
0 0.97265625 0.891 0.046875 0.06
0 0.853515625 0.3029 0.0203125 0.026
0 0.128125 0.3151999999999994 0.025 0.032
0 0.025390625 0.3926999999999994 0.0328125 0.042
0 0.5125 0.26640000000000025 0.0375 0.048
0 0.390625 0.18000000000000005 0.0375 0.048
0 0.388671875 0.12189999999999995 0.0359375 0.046
0 0.2703125 0.12599999999999995 0.04375 0.056
1 0.3253124999999998 0.12338000000000243 0.1140625 0.052559999999999996
1 0.39312499999999967 0.6768400000000027 0.146875 0.06767999999999999
1 0.7265625 0.79296 0.134375 0.061919999999999996
1 0.5523437500000009 0.5785200000000013 0.0734375 0.033839999999999995
1 0.51328125 0.49244 0.2015625 0.09287999999999999
1 0.4789062500000007 0.38476000000000177 0.1265625 0.05832
1 0.23812499999999975 0.6268800000000014 0.10625 0.048960000000000004
