0 0.0453125 0.7403999999999958 0.01875 0.024
0 0.97578125 0.903 0.046875 0.06
0 0.850390625 0.30810000000000004 0.0203125 0.026
0 0.13125 0.3215999999999994 0.025 0.032
0 0.022265625 0.40109999999999935 0.0328125 0.042
0 0.515625 0.2760000000000003 0.0375 0.048
0 0.3875 0.18960000000000007 0.0375 0.048
0 0.391796875 0.13109999999999994 0.0359375 0.046
0 0.2671875 0.13719999999999993 0.04375 0.056
1 0.31999999999999984 0.11998000000000242 0.1140625 0.052559999999999996
1 0.3862499999999997 0.6724400000000026 0.146875 0.06767999999999999
1 0.7203125 0.79696 0.134375 0.061919999999999996
1 0.5489062500000008 0.5763200000000012 0.0734375 0.033839999999999995
1 0.52265625 0.48644 0.2015625 0.09287999999999999
1 0.48484375000000063 0.3809600000000018 0.1265625 0.05832
1 0.23312499999999975 0.6236800000000015 0.10625 0.048960000000000004
