0 0.0421875 0.7451999999999959 0.01875 0.024
0 0.97890625 0.915 0.046875 0.06
0 0.847265625 0.3133000000000001 0.0203125 0.026
0 0.134375 0.32799999999999935 0.025 0.032
0 0.019140625 0.4094999999999993 0.0328125 0.042
0 0.51875 0.2856000000000003 0.0375 0.048
0 0.384375 0.1992000000000001 0.0375 0.048
0 0.394921875 0.14029999999999992 0.0359375 0.046
0 0.2671875 0.14839999999999995 0.04375 0.056
1 0.3146874999999999 0.11658000000000242 0.1140625 0.052559999999999996
1 0.37937499999999974 0.6680400000000024 0.146875 0.06767999999999999
1 0.7140625 0.80096 0.134375 0.061919999999999996
1 0.5454687500000007 0.5741200000000012 0.0734375 0.033839999999999995
1 0.53203125 0.48044 0.2015625 0.09287999999999999
1 0.49078125000000056 0.3771600000000018 0.1265625 0.05832
1 0.22812499999999977 0.6204800000000014 0.10625 0.048960000000000004
