0 0.0390625 0.7499999999999958 0.01875 0.024
0 0.98203125 0.927 0.046875 0.06
0 0.847265625 0.3185000000000001 0.0203125 0.026
0 0.1375 0.33439999999999936 0.025 0.032
0 0.022265625 0.41789999999999927 0.0328125 0.042
0 0.521875 0.29520000000000035 0.0375 0.048
0 0.38125 0.20880000000000012 0.0375 0.048
0 0.398046875 0.1494999999999999 0.0359375 0.046
0 0.2703125 0.15959999999999994 0.04375 0.056
1 0.3093749999999999 0.1131800000000024 0.1140625 0.052559999999999996
1 0.3724999999999998 0.6636400000000023 0.146875 0.06767999999999999
1 0.7078125 0.80496 0.134375 0.061919999999999996
1 0.5420312500000006 0.5719200000000011 0.0734375 0.033839999999999995
1 0.54140625 0.47444 0.2015625 0.09287999999999999
1 0.4967187500000005 0.3733600000000019 0.1265625 0.05832
1 0.22812499999999977 0.6172800000000014 0.10625 0.048960000000000004
