0 0.0390625 0.7547999999999957 0.01875 0.024
0 0.98515625 0.939 0.046875 0.06
0 0.850390625 0.32370000000000015 0.0203125 0.026
0 0.140625 0.3407999999999993 0.025 0.032
0 0.025390625 0.4262999999999993 0.0328125 0.042
0 0.51875 0.30480000000000035 0.0375 0.048
0 0.378125 0.21840000000000015 0.0375 0.048
0 0.401171875 0.1586999999999999 0.0359375 0.046
0 0.2734375 0.17079999999999992 0.04375 0.056
1 0.30406249999999996 0.1097800000000024 0.1140625 0.052559999999999996
1 0.3656249999999998 0.6592400000000023 0.146875 0.06767999999999999
1 0.7015625 0.80896 0.134375 0.061919999999999996
1 0.5385937500000006 0.569720000000001 0.0734375 0.033839999999999995
1 0.55078125 0.46844 0.2015625 0.09287999999999999
1 0.5026562500000005 0.36956000000000194 0.1265625 0.05832
1 0.23312499999999975 0.6140800000000013 0.10625 0.048960000000000004
