0 0.0421875 0.7595999999999957 0.01875 0.024
0 0.98515625 0.951 0.046875 0.06
0 0.853515625 0.3289000000000002 0.0203125 0.026
0 0.14375 0.3471999999999993 0.025 0.032
0 0.028515625 0.43469999999999925 0.0328125 0.042
0 0.515625 0.3144000000000004 0.0375 0.048
0 0.375 0.22800000000000017 0.0375 0.048
0 0.404296875 0.16789999999999988 0.0359375 0.046
0 0.2765625 0.1819999999999999 0.04375 0.056
1 0.29874999999999996 0.1063800000000024 0.1140625 0.052559999999999996
1 0.35874999999999985 0.6548400000000022 0.146875 0.06767999999999999
1 0.6953125 0.81296 0.134375 0.061919999999999996
1 0.5351562500000006 0.567520000000001 0.0734375 0.033839999999999995
1 0.56015625 0.46244 0.2015625 0.09287999999999999
1 0.5085937500000004 0.365760000000002 0.1265625 0.05832
1 0.23812499999999975 0.6108800000000012 0.10625 0.048960000000000004
