0 0.0453125 0.7643999999999956 0.01875 0.024
0 0.98203125 0.963 0.046875 0.06
0 0.856640625 0.33410000000000023 0.0203125 0.026
0 0.14375 0.3535999999999993 0.025 0.032
0 0.031640625 0.4430999999999992 0.0328125 0.042
0 0.5125 0.3240000000000004 0.0375 0.048
0 0.371875 0.2376000000000002 0.0375 0.048
0 0.404296875 0.17709999999999987 0.0359375 0.046
0 0.2796875 0.1931999999999999 0.04375 0.056
1 0.2934375 0.10298000000000239 0.1140625 0.052559999999999996
1 0.3518749999999999 0.6504400000000021 0.146875 0.06767999999999999
1 0.6890625 0.81696 0.134375 0.061919999999999996
1 0.5317187500000005 0.5653200000000009 0.0734375 0.033839999999999995
1 0.56953125 0.45644 0.2015625 0.09287999999999999
1 0.5145312500000003 0.361960000000002 0.1265625 0.05832
1 0.24312499999999973 0.6076800000000012 0.10625 0.048960000000000004
