0 0.0484375 0.7691999999999957 0.01875 0.024
0 0.97890625 0.975 0.046875 0.06
0 0.859765625 0.33930000000000027 0.0203125 0.026
0 0.140625 0.35999999999999927 0.025 0.032
0 0.034765625 0.4514999999999992 0.0328125 0.042
0 0.509375 0.3336000000000004 0.0375 0.048
0 0.375 0.24720000000000023 0.0375 0.048
0 0.401171875 0.18629999999999988 0.0359375 0.046
0 0.2828125 0.2043999999999999 0.04375 0.056
1 0.2881250000000001 0.09958000000000239 0.1140625 0.052559999999999996
1 0.3449999999999999 0.6460400000000021 0.146875 0.06767999999999999
1 0.6828125 0.82096 0.134375 0.061919999999999996
1 0.5282812500000004 0.563120000000001 0.0734375 0.033839999999999995
1 0.57890625 0.45044 0.2015625 0.09287999999999999
1 0.5204687500000003 0.3581600000000021 0.1265625 0.05832
1 0.2481249999999997 0.6044800000000011 0.10625 0.048960000000000004
