0 0.0515625 0.7739999999999956 0.01875 0.024
0 0.97578125 0.987 0.046875 0.06
0 0.862890625 0.34450000000000036 0.0203125 0.026
0 0.1375 0.3663999999999992 0.025 0.032
0 0.037890625 0.4598999999999992 0.0328125 0.042
0 0.50625 0.34320000000000045 0.0375 0.048
0 0.378125 0.25680000000000025 0.0375 0.048
0 0.398046875 0.19549999999999987 0.0359375 0.046
0 0.2828125 0.21559999999999988 0.04375 0.056
1 0.2828125000000001 0.09618000000000237 0.1140625 0.052559999999999996
1 0.33812499999999995 0.6416400000000019 0.146875 0.06767999999999999
1 0.6765625 0.82496 0.134375 0.061919999999999996
1 0.5248437500000003 0.5609200000000009 0.0734375 0.033839999999999995
1 0.58828125 0.44444 0.2015625 0.09287999999999999
1 0.5264062500000002 0.3543600000000021 0.1265625 0.05832
1 0.2531249999999997 0.6012800000000011 0.10625 0.048960000000000004
