0 0.0546875 0.7787999999999955 0.01875 0.024
0 0.97265625 0.999 0.046875 0.06
0 0.862890625 0.3497000000000004 0.0203125 0.026
0 0.134375 0.37279999999999924 0.025 0.032
0 0.034765625 0.46829999999999916 0.0328125 0.042
0 0.503125 0.35280000000000045 0.0375 0.048
0 0.38125 0.26640000000000025 0.0375 0.048
0 0.394921875 0.20469999999999985 0.0359375 0.046
0 0.2796875 0.22679999999999986 0.04375 0.056
1 0.27750000000000014 0.09278000000000237 0.1140625 0.052559999999999996
1 0.33125 0.6372400000000018 0.146875 0.06767999999999999
1 0.6703125 0.82896 0.134375 0.061919999999999996
1 0.5214062500000003 0.5587200000000008 0.0734375 0.033839999999999995
1 0.59765625 0.43844 0.2015625 0.09287999999999999
1 0.5323437500000001 0.35056000000000215 0.1265625 0.05832
1 0.25812499999999966 0.598080000000001 0.10625 0.048960000000000004
