0 0.0546875 0.7835999999999955 0.01875 0.024
0 0.96953125 1.011 0.046875 0.06
0 0.859765625 0.35490000000000044 0.0203125 0.026
0 0.13125 0.3791999999999992 0.025 0.032
0 0.031640625 0.4766999999999991 0.0328125 0.042
0 0.50625 0.3624000000000005 0.0375 0.048
0 0.384375 0.2760000000000003 0.0375 0.048
0 0.391796875 0.21389999999999984 0.0359375 0.046
0 0.2765625 0.23799999999999985 0.04375 0.056
1 0.27218750000000014 0.08938000000000237 0.1140625 0.052559999999999996
1 0.324375 0.6328400000000017 0.146875 0.06767999999999999
1 0.6640625 0.83296 0.134375 0.061919999999999996
1 0.5179687500000002 0.5565200000000008 0.0734375 0.033839999999999995
1 0.60703125 0.43244 0.2015625 0.09287999999999999
1 0.53828125 0.34676000000000223 0.1265625 0.05832
1 0.26312499999999966 0.594880000000001 0.10625 0.048960000000000004
