0 0.0515625 0.7883999999999954 0.01875 0.024
0 0.856640625 0.3601000000000005 0.0203125 0.026
0 0.128125 0.38559999999999917 0.025 0.032
0 0.028515625 0.4850999999999991 0.0328125 0.042
0 0.509375 0.3720000000000005 0.0375 0.048
0 0.3875 0.2856000000000003 0.0375 0.048
0 0.388671875 0.22309999999999983 0.0359375 0.046
0 0.2734375 0.24919999999999984 0.04375 0.056
1 0.2668750000000002 0.08598000000000236 0.1140625 0.052559999999999996
1 0.31750000000000006 0.6284400000000017 0.146875 0.06767999999999999
1 0.6578125 0.83696 0.134375 0.061919999999999996
1 0.5145312500000001 0.5543200000000007 0.0734375 0.033839999999999995
1 0.61640625 0.42644 0.2015625 0.09287999999999999
1 0.54421875 0.34296000000000226 0.1265625 0.05832
1 0.2681249999999996 0.591680000000001 0.10625 0.048960000000000004
