0 0.0484375 0.7931999999999954 0.01875 0.024
0 0.853515625 0.3653000000000005 0.0203125 0.026
0 0.128125 0.3919999999999991 0.025 0.032
0 0.025390625 0.4934999999999991 0.0328125 0.042
0 0.5125 0.38160000000000055 0.0375 0.048
0 0.390625 0.29520000000000035 0.0375 0.048
0 0.388671875 0.2322999999999998 0.0359375 0.046
0 0.2703125 0.26039999999999985 0.04375 0.056
1 0.26156250000000025 0.08938000000000237 0.1140625 0.052559999999999996
1 0.3106250000000001 0.6240400000000016 0.146875 0.06767999999999999
1 0.6515625 0.84096 0.134375 0.061919999999999996
1 0.51109375 0.5521200000000007 0.0734375 0.033839999999999995
1 0.62578125 0.42044 0.2015625 0.09287999999999999
1 0.5501562499999999 0.3391600000000023 0.1265625 0.05832
1 0.2731249999999996 0.5884800000000009 0.10625 0.048960000000000004
