0 0.0453125 0.7979999999999954 0.01875 0.024
0 0.850390625 0.37050000000000055 0.0203125 0.026
0 0.13125 0.39839999999999914 0.025 0.032
0 0.022265625 0.501899999999999 0.0328125 0.042
0 0.515625 0.39120000000000055 0.0375 0.048
0 0.3875 0.30480000000000035 0.0375 0.048
0 0.391796875 0.2414999999999998 0.0359375 0.046
0 0.2671875 0.27159999999999984 0.04375 0.056
1 0.25625000000000026 0.09278000000000237 0.1140625 0.052559999999999996
1 0.30375000000000013 0.6196400000000014 0.146875 0.06767999999999999
1 0.6453125 0.84496 0.134375 0.061919999999999996
1 0.5076562499999999 0.5499200000000006 0.0734375 0.033839999999999995
1 0.63515625 0.41444 0.2015625 0.09287999999999999
1 0.5560937499999998 0.3353600000000023 0.1265625 0.05832
1 0.2781249999999996 0.5852800000000009 0.10625 0.048960000000000004
