0 0.0421875 0.8027999999999953 0.01875 0.024
0 0.847265625 0.3757000000000006 0.0203125 0.026
0 0.134375 0.4047999999999991 0.025 0.032
0 0.019140625 0.5102999999999991 0.0328125 0.042
0 0.51875 0.4008000000000006 0.0375 0.048
0 0.384375 0.3144000000000004 0.0375 0.048
0 0.394921875 0.2506999999999998 0.0359375 0.046
0 0.2671875 0.2827999999999999 0.04375 0.056
1 0.2509375000000002 0.09618000000000237 0.1140625 0.052559999999999996
1 0.29687500000000017 0.6152400000000013 0.146875 0.06767999999999999
1 0.6390625 0.84896 0.134375 0.061919999999999996
1 0.5042187499999999 0.5477200000000007 0.0734375 0.033839999999999995
1 0.64453125 0.40844 0.2015625 0.09287999999999999
1 0.5620312499999998 0.3315600000000024 0.1265625 0.05832
1 0.28312499999999957 0.5820800000000008 0.10625 0.048960000000000004
