0 0.0390625 0.8075999999999952 0.01875 0.024
0 0.847265625 0.3809000000000007 0.0203125 0.026
0 0.1375 0.41119999999999907 0.025 0.032
0 0.022265625 0.518699999999999 0.0328125 0.042
0 0.521875 0.4104000000000006 0.0375 0.048
0 0.38125 0.3240000000000004 0.0375 0.048
0 0.398046875 0.25989999999999974 0.0359375 0.046
0 0.2703125 0.29399999999999993 0.04375 0.056
1 0.24562500000000026 0.09958000000000239 0.1140625 0.052559999999999996
1 0.2900000000000002 0.6108400000000013 0.146875 0.06767999999999999
1 0.6328125 0.85296 0.134375 0.061919999999999996
1 0.5007812499999998 0.5455200000000006 0.0734375 0.033839999999999995
1 0.65390625 0.40244 0.2015625 0.09287999999999999
1 0.5679687499999997 0.32776000000000244 0.1265625 0.05832
1 0.2881249999999996 0.5788800000000008 0.10625 0.048960000000000004
