0 0.0390625 0.8123999999999952 0.01875 0.024
0 0.850390625 0.3861000000000007 0.0203125 0.026
0 0.140625 0.4175999999999991 0.025 0.032
0 0.025390625 0.5270999999999991 0.0328125 0.042
0 0.51875 0.42000000000000065 0.0375 0.048
0 0.378125 0.3336000000000004 0.0375 0.048
0 0.401171875 0.2690999999999998 0.0359375 0.046
0 0.2734375 0.30519999999999997 0.04375 0.056
1 0.2403125000000002 0.10298000000000239 0.1140625 0.052559999999999996
1 0.28312500000000024 0.6064400000000012 0.146875 0.06767999999999999
1 0.6265625 0.85696 0.134375 0.061919999999999996
1 0.49734374999999975 0.5433200000000005 0.0734375 0.033839999999999995
1 0.66328125 0.39644 0.2015625 0.09287999999999999
1 0.5739062499999996 0.32396000000000247 0.1265625 0.05832
1 0.2931249999999995 0.5756800000000007 0.10625 0.048960000000000004
