0 0.0421875 0.8171999999999952 0.01875 0.024
0 0.853515625 0.39130000000000076 0.0203125 0.026
0 0.14375 0.42399999999999904 0.025 0.032
0 0.028515625 0.5354999999999992 0.0328125 0.042
0 0.515625 0.42960000000000065 0.0375 0.048
0 0.375 0.34320000000000045 0.0375 0.048
0 0.404296875 0.2782999999999998 0.0359375 0.046
0 0.2765625 0.3164 0.04375 0.056
1 0.23500000000000024 0.1063800000000024 0.1140625 0.052559999999999996
1 0.2762500000000003 0.6020400000000011 0.146875 0.06767999999999999
1 0.6203125 0.8609600000000001 0.134375 0.061919999999999996
1 0.49390624999999966 0.5411200000000005 0.0734375 0.033839999999999995
1 0.67265625 0.39044 0.2015625 0.09287999999999999
1 0.5798437499999995 0.32016000000000255 0.1265625 0.05832
1 0.29812499999999953 0.5724800000000007 0.10625 0.048960000000000004
