0 0.0453125 0.8219999999999951 0.01875 0.024
0 0.856640625 0.3965000000000008 0.0203125 0.026
0 0.14375 0.430399999999999 0.025 0.032
0 0.031640625 0.5438999999999993 0.0328125 0.042
0 0.5125 0.43920000000000065 0.0375 0.048
0 0.371875 0.35280000000000045 0.0375 0.048
0 0.404296875 0.28749999999999987 0.0359375 0.046
0 0.2796875 0.32760000000000006 0.04375 0.056
1 0.22968750000000018 0.1097800000000024 0.1140625 0.052559999999999996
1 0.26937500000000025 0.5976400000000011 0.146875 0.06767999999999999
1 0.6140625 0.85696 0.134375 0.061919999999999996
1 0.4904687499999996 0.5389200000000004 0.0734375 0.033839999999999995
1 0.68203125 0.38444 0.2015625 0.09287999999999999
1 0.5857812499999995 0.3163600000000026 0.1265625 0.05832
1 0.30312499999999953 0.5692800000000007 0.10625 0.048960000000000004
