0 0.0484375 0.8267999999999951 0.01875 0.024
0 0.859765625 0.40170000000000083 0.0203125 0.026
0 0.140625 0.43679999999999897 0.025 0.032
0 0.034765625 0.5522999999999993 0.0328125 0.042
0 0.509375 0.4488000000000007 0.0375 0.048
0 0.375 0.3624000000000005 0.0375 0.048
0 0.401171875 0.2966999999999999 0.0359375 0.046
0 0.2828125 0.3388000000000001 0.04375 0.056
1 0.2243750000000002 0.1131800000000024 0.1140625 0.052559999999999996
1 0.2625000000000003 0.5932400000000009 0.146875 0.06767999999999999
1 0.6078125 0.8609600000000001 0.134375 0.061919999999999996
1 0.4870312499999995 0.5367200000000004 0.0734375 0.033839999999999995
1 0.69140625 0.37844 0.2015625 0.09287999999999999
1 0.5917187499999994 0.3125600000000026 0.1265625 0.05832
1 0.3081249999999995 0.5660800000000006 0.10625 0.048960000000000004
