0 0.0515625 0.831599999999995 0.01875 0.024
0 0.862890625 0.40690000000000087 0.0203125 0.026
0 0.1375 0.443199999999999 0.025 0.032
0 0.037890625 0.5606999999999995 0.0328125 0.042
0 0.50625 0.4584000000000007 0.0375 0.048
0 0.378125 0.3720000000000005 0.0375 0.048
0 0.398046875 0.30589999999999995 0.0359375 0.046
0 0.2828125 0.35000000000000014 0.04375 0.056
1 0.21906250000000016 0.11658000000000242 0.1140625 0.052559999999999996
1 0.25562500000000027 0.5888400000000008 0.146875 0.06767999999999999
1 0.6015625 0.85696 0.134375 0.061919999999999996
1 0.4835937499999995 0.5345200000000003 0.0734375 0.033839999999999995
1 0.70078125 0.37244 0.2015625 0.09287999999999999
1 0.5976562499999993 0.30876000000000264 0.1265625 0.05832
1 0.3131249999999995 0.5628800000000006 0.10625 0.048960000000000004
