0 0.0546875 0.8363999999999949 0.01875 0.024
0 0.862890625 0.4121000000000009 0.0203125 0.026
0 0.134375 0.44959999999999894 0.025 0.032
0 0.034765625 0.5690999999999996 0.0328125 0.042
0 0.503125 0.46800000000000075 0.0375 0.048
0 0.38125 0.38160000000000055 0.0375 0.048
0 0.394921875 0.31510000000000005 0.0359375 0.046
0 0.2796875 0.36120000000000024 0.04375 0.056
1 0.2137500000000002 0.11998000000000242 0.1140625 0.052559999999999996
1 0.24875000000000025 0.5844400000000007 0.146875 0.06767999999999999
1 0.5953125 0.85296 0.134375 0.061919999999999996
1 0.4801562499999994 0.5323200000000002 0.0734375 0.033839999999999995
1 0.71015625 0.36644 0.2015625 0.09287999999999999
1 0.6035937499999993 0.30496000000000273 0.1265625 0.05832
1 0.31812499999999944 0.5596800000000005 0.10625 0.048960000000000004
