0 0.0546875 0.841199999999995 0.01875 0.024
0 0.859765625 0.417300000000001 0.0203125 0.026
0 0.13125 0.4559999999999989 0.025 0.032
0 0.031640625 0.5774999999999997 0.0328125 0.042
0 0.50625 0.47760000000000075 0.0375 0.048
0 0.384375 0.39120000000000055 0.0375 0.048
0 0.391796875 0.3243000000000001 0.0359375 0.046
0 0.2765625 0.3724000000000003 0.04375 0.056
1 0.20843750000000014 0.12338000000000243 0.1140625 0.052559999999999996
1 0.24187500000000023 0.5800400000000007 0.146875 0.06767999999999999
1 0.5890625 0.84896 0.134375 0.061919999999999996
1 0.4767187499999993 0.5301200000000003 0.0734375 0.033839999999999995
1 0.71953125 0.36044 0.2015625 0.09287999999999999
1 0.6095312499999992 0.30116000000000276 0.1265625 0.05832
1 0.32312499999999944 0.5564800000000004 0.10625 0.048960000000000004
