0 0.0515625 0.8459999999999949 0.01875 0.024
0 0.856640625 0.42250000000000104 0.0203125 0.026
0 0.128125 0.4623999999999989 0.025 0.032
0 0.028515625 0.5858999999999998 0.0328125 0.042
0 0.509375 0.4872000000000008 0.0375 0.048
0 0.3875 0.4008000000000006 0.0375 0.048
0 0.388671875 0.33350000000000013 0.0359375 0.046
0 0.2734375 0.38360000000000033 0.04375 0.056
1 0.20312500000000017 0.12678000000000242 0.1140625 0.052559999999999996
1 0.23500000000000024 0.5756400000000006 0.146875 0.06767999999999999
1 0.5828125 0.84496 0.134375 0.061919999999999996
1 0.47328124999999927 0.5279200000000002 0.0734375 0.033839999999999995
1 0.72890625 0.35444 0.2015625 0.09287999999999999
1 0.6154687499999991 0.2973600000000028 0.1265625 0.05832
1 0.32812499999999944 0.5532800000000004 0.10625 0.048960000000000004
