0 0.0484375 0.8507999999999949 0.01875 0.024
0 0.853515625 0.4277000000000011 0.0203125 0.026
0 0.128125 0.4687999999999989 0.025 0.032
0 0.025390625 0.5942999999999998 0.0328125 0.042
0 0.5125 0.4968000000000008 0.0375 0.048
0 0.390625 0.4104000000000006 0.0375 0.048
0 0.388671875 0.34270000000000017 0.0359375 0.046
0 0.2703125 0.3948000000000004 0.04375 0.056
1 0.19781250000000014 0.13018000000000243 0.1140625 0.052559999999999996
1 0.22812500000000022 0.5712400000000004 0.146875 0.06767999999999999
1 0.5765625 0.84096 0.134375 0.061919999999999996
1 0.46984374999999917 0.5257200000000002 0.0734375 0.033839999999999995
1 0.73828125 0.34843999999999997 0.2015625 0.09287999999999999
1 0.621406249999999 0.2935600000000028 0.1265625 0.05832
1 0.3331249999999994 0.5500800000000003 0.10625 0.048960000000000004
