0 0.0453125 0.8555999999999948 0.01875 0.024
0 0.13125 0.47519999999999885 0.025 0.032
0 0.022265625 0.6026999999999999 0.0328125 0.042
0 0.515625 0.5064000000000008 0.0375 0.048
0 0.3875 0.42000000000000065 0.0375 0.048
0 0.391796875 0.3519000000000002 0.0359375 0.046
0 0.2671875 0.4060000000000004 0.04375 0.056
1 0.19250000000000014 0.13358000000000242 0.1140625 0.052559999999999996
1 0.22125000000000022 0.5668400000000003 0.146875 0.06767999999999999
1 0.5703125 0.83696 0.134375 0.061919999999999996
1 0.46640624999999913 0.5235200000000001 0.0734375 0.033839999999999995
1 0.74765625 0.34244 0.2015625 0.09287999999999999
1 0.627343749999999 0.2897600000000029 0.1265625 0.05832
1 0.3381249999999994 0.5468800000000004 0.10625 0.048960000000000004
