0 0.0421875 0.8603999999999947 0.01875 0.024
0 0.134375 0.4815999999999988 0.025 0.032
0 0.019140625 0.6111 0.0328125 0.042
0 0.51875 0.5160000000000009 0.0375 0.048
0 0.384375 0.42960000000000065 0.0375 0.048
0 0.394921875 0.36110000000000025 0.0359375 0.046
0 0.2671875 0.41720000000000046 0.04375 0.056
0 0.264453125 0.015300000000000001 0.0265625 0.034
1 0.18718750000000012 0.13698000000000243 0.1140625 0.052559999999999996
1 0.2143750000000002 0.5624400000000003 0.146875 0.06767999999999999
1 0.5640625 0.83296 0.134375 0.061919999999999996
1 0.46296874999999904 0.52132 0.0734375 0.033839999999999995
1 0.75703125 0.33644 0.2015625 0.09287999999999999
1 0.6332812499999989 0.28596000000000293 0.1265625 0.05832
1 0.34312499999999935 0.5436800000000003 0.10625 0.048960000000000004
