0 0.0390625 0.8651999999999948 0.01875 0.024
0 0.1375 0.4879999999999988 0.025 0.032
0 0.022265625 0.6195000000000002 0.0328125 0.042
0 0.521875 0.5256000000000008 0.0375 0.048
0 0.38125 0.43920000000000065 0.0375 0.048
0 0.398046875 0.3703000000000003 0.0359375 0.046
0 0.2703125 0.4284000000000005 0.04375 0.056
0 0.267578125 0.0221 0.0265625 0.034
1 0.18187500000000012 0.14038000000000245 0.1140625 0.052559999999999996
1 0.20750000000000018 0.5580400000000002 0.146875 0.06767999999999999
1 0.5578125 0.82896 0.134375 0.061919999999999996
1 0.45953124999999895 0.51912 0.0734375 0.033839999999999995
1 0.76640625 0.33044 0.2015625 0.09287999999999999
1 0.6392187499999988 0.2821600000000029 0.1265625 0.05832
1 0.34812499999999935 0.5404800000000003 0.10625 0.048960000000000004
