0 0.0390625 0.8699999999999947 0.01875 0.024
0 0.140625 0.4943999999999988 0.025 0.032
0 0.025390625 0.6279000000000002 0.0328125 0.042
0 0.51875 0.5352000000000007 0.0375 0.048
0 0.378125 0.4488000000000007 0.0375 0.048
0 0.401171875 0.37950000000000034 0.0359375 0.046
0 0.2734375 0.43960000000000055 0.04375 0.056
0 0.270703125 0.0289 0.0265625 0.034
1 0.17656250000000012 0.14378000000000243 0.1140625 0.052559999999999996
1 0.2006250000000002 0.5536400000000001 0.146875 0.06767999999999999
1 0.5515625 0.82496 0.134375 0.061919999999999996
1 0.4560937499999989 0.5169199999999999 0.0734375 0.033839999999999995
1 0.77578125 0.32444 0.2015625 0.09287999999999999
1 0.6451562499999988 0.27836000000000294 0.1265625 0.05832
1 0.35312499999999936 0.5372800000000002 0.10625 0.048960000000000004
