0 0.0421875 0.8747999999999946 0.01875 0.024
0 0.14375 0.5007999999999988 0.025 0.032
0 0.028515625 0.6363000000000003 0.0328125 0.042
0 0.515625 0.5448000000000006 0.0375 0.048
0 0.375 0.4584000000000007 0.0375 0.048
0 0.404296875 0.3887000000000004 0.0359375 0.046
0 0.2765625 0.4508000000000006 0.04375 0.056
0 0.273828125 0.035699999999999996 0.0265625 0.034
1 0.1712500000000001 0.14718000000000245 0.1140625 0.052559999999999996
1 0.19375000000000017 0.5492400000000001 0.146875 0.06767999999999999
1 0.5453125 0.82096 0.134375 0.061919999999999996
1 0.4526562499999988 0.51472 0.0734375 0.033839999999999995
1 0.78515625 0.31844 0.2015625 0.09287999999999999
1 0.6510937499999987 0.2745600000000029 0.1265625 0.05832
1 0.3581249999999993 0.5340800000000001 0.10625 0.048960000000000004
