0 0.0453125 0.8795999999999946 0.01875 0.024
0 0.14375 0.5071999999999988 0.025 0.032
0 0.031640625 0.6447000000000004 0.0328125 0.042
0 0.5125 0.5544000000000006 0.0375 0.048
0 0.371875 0.46800000000000075 0.0375 0.048
0 0.404296875 0.3979000000000004 0.0359375 0.046
0 0.2796875 0.46200000000000063 0.04375 0.056
0 0.276953125 0.042499999999999996 0.0265625 0.034
1 0.1659375000000001 0.15058000000000246 0.1140625 0.052559999999999996
1 0.18687500000000018 0.5448399999999999 0.146875 0.06767999999999999
1 0.5390625 0.81696 0.134375 0.061919999999999996
1 0.4492187499999988 0.5125199999999999 0.0734375 0.033839999999999995
1 0.79453125 0.31244 0.2015625 0.09287999999999999
1 0.6570312499999986 0.2707600000000029 0.1265625 0.05832
1 0.3631249999999993 0.5308800000000001 0.10625 0.048960000000000004
