0 0.0484375 0.8843999999999945 0.01875 0.024
0 0.140625 0.5135999999999987 0.025 0.032
0 0.034765625 0.6531000000000005 0.0328125 0.042
0 0.509375 0.5640000000000005 0.0375 0.048
0 0.375 0.47760000000000075 0.0375 0.048
0 0.401171875 0.40710000000000046 0.0359375 0.046
0 0.2828125 0.4732000000000007 0.04375 0.056
0 0.276953125 0.04929999999999999 0.0265625 0.034
1 0.16062500000000007 0.15398000000000248 0.1140625 0.052559999999999996
1 0.18000000000000016 0.5404399999999999 0.146875 0.06767999999999999
1 0.5328125 0.81296 0.134375 0.061919999999999996
1 0.4457812499999987 0.5103199999999999 0.0734375 0.033839999999999995
1 0.80390625 0.30644 0.2015625 0.09287999999999999
1 0.6629687499999986 0.26696000000000286 0.1265625 0.05832
1 0.36812499999999926 0.52768 0.10625 0.048960000000000004
