0 0.0515625 0.8891999999999944 0.01875 0.024
0 0.037890625 0.6615000000000005 0.0328125 0.042
0 0.50625 0.5736000000000003 0.0375 0.048
0 0.378125 0.4872000000000008 0.0375 0.048
0 0.398046875 0.4163000000000005 0.0359375 0.046
0 0.2828125 0.4844000000000007 0.04375 0.056
0 0.273828125 0.05609999999999999 0.0265625 0.034
1 0.15531250000000008 0.15738000000000246 0.1140625 0.052559999999999996
1 0.17312500000000014 0.53604 0.146875 0.06767999999999999
1 0.5265625 0.80896 0.134375 0.061919999999999996
1 0.4423437499999986 0.5081199999999998 0.0734375 0.033839999999999995
1 0.81328125 0.30044 0.2015625 0.09287999999999999
1 0.6689062499999985 0.2631600000000029 0.1265625 0.05832
1 0.37312499999999926 0.5244800000000001 0.10625 0.048960000000000004
