0 0.0546875 0.8939999999999945 0.01875 0.024
0 0.034765625 0.6699000000000006 0.0328125 0.042
0 0.503125 0.5832000000000003 0.0375 0.048
0 0.38125 0.4968000000000008 0.0375 0.048
0 0.394921875 0.42550000000000054 0.0359375 0.046
0 0.2796875 0.49560000000000076 0.04375 0.056
0 0.270703125 0.06289999999999998 0.0265625 0.034
1 0.15000000000000008 0.16078000000000245 0.1140625 0.052559999999999996
1 0.16625000000000015 0.53164 0.146875 0.06767999999999999
1 0.5203125 0.80496 0.134375 0.061919999999999996
1 0.43890624999999855 0.5059199999999998 0.0734375 0.033839999999999995
1 0.82265625 0.29444 0.2015625 0.09287999999999999
1 0.6748437499999984 0.25936000000000287 0.1265625 0.05832
1 0.37812499999999927 0.52128 0.10625 0.048960000000000004
