0 0.0546875 0.8987999999999944 0.01875 0.024
0 0.031640625 0.6783000000000008 0.0328125 0.042
0 0.50625 0.5928000000000002 0.0375 0.048
0 0.384375 0.5064000000000008 0.0375 0.048
0 0.391796875 0.43470000000000064 0.0359375 0.046
0 0.2765625 0.5068000000000008 0.04375 0.056
0 0.267578125 0.06969999999999998 0.0265625 0.034
1 0.14468750000000005 0.16418000000000244 0.1140625 0.052559999999999996
1 0.15937500000000013 0.52724 0.146875 0.06767999999999999
1 0.5140625 0.80096 0.134375 0.061919999999999996
1 0.43546874999999846 0.5037199999999997 0.0734375 0.033839999999999995
1 0.83203125 0.28844 0.2015625 0.09287999999999999
1 0.6807812499999983 0.25556000000000284 0.1265625 0.05832
1 0.3831249999999992 0.5180799999999999 0.10625 0.048960000000000004
