0 0.0515625 0.9035999999999943 0.01875 0.024
0 0.028515625 0.6867000000000009 0.0328125 0.042
0 0.509375 0.6024 0.0375 0.048
0 0.3875 0.5160000000000009 0.0375 0.048
0 0.388671875 0.4439000000000007 0.0359375 0.046
0 0.2734375 0.5180000000000009 0.04375 0.056
0 0.264453125 0.07649999999999998 0.0265625 0.034
1 0.13937500000000005 0.1675800000000024 0.1140625 0.052559999999999996
1 0.15250000000000014 0.5228400000000001 0.146875 0.06767999999999999
1 0.5078125 0.79696 0.134375 0.061919999999999996
1 0.4320312499999986 0.5015199999999997 0.0734375 0.033839999999999995
1 0.84140625 0.28244 0.2015625 0.09287999999999999
1 0.6867187499999983 0.2517600000000028 0.1265625 0.05832
1 0.3881249999999992 0.5148799999999999 0.10625 0.048960000000000004
