0 0.0484375 0.9083999999999943 0.01875 0.024
0 0.025390625 0.6951000000000009 0.0328125 0.042
0 0.5125 0.612 0.0375 0.048
0 0.390625 0.5256000000000008 0.0375 0.048
0 0.388671875 0.4531000000000007 0.0359375 0.046
0 0.2703125 0.5292000000000009 0.04375 0.056
0 0.261328125 0.0833 0.0265625 0.034
1 0.13406250000000003 0.17098000000000238 0.1140625 0.052559999999999996
1 0.14562500000000012 0.51844 0.146875 0.06767999999999999
1 0.5015625 0.79296 0.134375 0.061919999999999996
1 0.4285937499999985 0.49931999999999965 0.0734375 0.033839999999999995
1 0.85078125 0.27644 0.2015625 0.09287999999999999
1 0.6926562499999982 0.2479600000000028 0.1265625 0.05832
1 0.39312499999999917 0.5116799999999998 0.10625 0.048960000000000004
