0 0.0453125 0.9131999999999942 0.01875 0.024
0 0.850390625 0.4953000000000017 0.0203125 0.026
0 0.022265625 0.703500000000001 0.0328125 0.042
0 0.515625 0.6215999999999999 0.0375 0.048
0 0.3875 0.5352000000000007 0.0375 0.048
0 0.391796875 0.46230000000000077 0.0359375 0.046
0 0.2671875 0.5404000000000009 0.04375 0.056
0 0.261328125 0.09010000000000001 0.0265625 0.034
1 0.12875000000000003 0.17438000000000237 0.1140625 0.052559999999999996
1 0.1387500000000001 0.51404 0.146875 0.06767999999999999
1 0.4953125 0.78896 0.134375 0.061919999999999996
1 0.4251562499999986 0.4971199999999996 0.0734375 0.033839999999999995
1 0.86015625 0.27044 0.2015625 0.09287999999999999
1 0.6985937499999981 0.2441600000000028 0.1265625 0.05832
1 0.3981249999999992 0.5084799999999998 0.10625 0.048960000000000004
