0 0.0421875 0.9179999999999942 0.01875 0.024
0 0.847265625 0.5005000000000017 0.0203125 0.026
0 0.019140625 0.7119000000000011 0.0328125 0.042
0 0.51875 0.6311999999999999 0.0375 0.048
0 0.384375 0.5448000000000006 0.0375 0.048
0 0.394921875 0.4715000000000008 0.0359375 0.046
0 0.2671875 0.551600000000001 0.04375 0.056
0 0.264453125 0.09690000000000001 0.0265625 0.034
0 0.76171875 0.012600000000000002 0.021875 0.028
1 0.12343750000000002 0.17778000000000233 0.1140625 0.052559999999999996
1 0.1318750000000001 0.5096400000000001 0.146875 0.06767999999999999
1 0.4890625 0.78496 0.134375 0.061919999999999996
1 0.42171874999999853 0.4949199999999996 0.0734375 0.033839999999999995
1 0.86953125 0.26444 0.2015625 0.09287999999999999
1 0.704531249999998 0.24036000000000277 0.1265625 0.05832
1 0.4031249999999991 0.5052799999999997 0.10625 0.048960000000000004
