0 0.0390625 0.9227999999999942 0.01875 0.024
0 0.847265625 0.5057000000000017 0.0203125 0.026
0 0.022265625 0.7203000000000012 0.0328125 0.042
0 0.521875 0.6407999999999997 0.0375 0.048
0 0.38125 0.5544000000000006 0.0375 0.048
0 0.398046875 0.48070000000000085 0.0359375 0.046
0 0.2703125 0.562800000000001 0.04375 0.056
0 0.267578125 0.10370000000000003 0.0265625 0.034
0 0.76484375 0.018200000000000004 0.021875 0.028
0 0.297265625 0.0225 0.0390625 0.05
1 0.11812500000000001 0.1811800000000023 0.1140625 0.052559999999999996
1 0.12500000000000008 0.5052400000000001 0.146875 0.06767999999999999
1 0.4828125 0.78096 0.134375 0.061919999999999996
1 0.41828124999999866 0.4927199999999995 0.0734375 0.033839999999999995
1 0.87890625 0.25844 0.2015625 0.09287999999999999
1 0.710468749999998 0.23656000000000277 0.1265625 0.05832
1 0.4081249999999992 0.5020799999999997 0.10625 0.048960000000000004
