0 0.0390625 0.9275999999999941 0.01875 0.024
0 0.850390625 0.5109000000000018 0.0203125 0.026
0 0.025390625 0.7287000000000013 0.0328125 0.042
0 0.51875 0.6503999999999996 0.0375 0.048
0 0.378125 0.5640000000000005 0.0375 0.048
0 0.401171875 0.4899000000000009 0.0359375 0.046
0 0.2734375 0.5740000000000011 0.04375 0.056
0 0.270703125 0.11050000000000004 0.0265625 0.034
0 0.76796875 0.0238 0.021875 0.028
0 0.300390625 0.0325 0.0390625 0.05
1 0.11281250000000001 0.1845800000000023 0.1140625 0.052559999999999996
1 0.11812500000000008 0.5008400000000002 0.146875 0.06767999999999999
1 0.4765625 0.77696 0.134375 0.061919999999999996
1 0.41484374999999857 0.49051999999999946 0.0734375 0.033839999999999995
1 0.88828125 0.25244 0.2015625 0.09287999999999999
1 0.7164062499999979 0.23276000000000274 0.1265625 0.05832
1 0.4131249999999991 0.49887999999999966 0.10625 0.048960000000000004
