0 0.0421875 0.932399999999994 0.01875 0.024
0 0.853515625 0.5161000000000019 0.0203125 0.026
0 0.028515625 0.7371000000000014 0.0328125 0.042
0 0.515625 0.6599999999999996 0.0375 0.048
0 0.375 0.5736000000000003 0.0375 0.048
0 0.404296875 0.49910000000000093 0.0359375 0.046
0 0.2765625 0.585200000000001 0.04375 0.056
0 0.273828125 0.11730000000000006 0.0265625 0.034
0 0.77109375 0.029400000000000003 0.021875 0.028
0 0.303515625 0.0425 0.0390625 0.05
1 0.1075 0.18798000000000226 0.1140625 0.052559999999999996
1 0.1112500000000001 0.49644000000000016 0.146875 0.06767999999999999
1 0.4703125 0.7729600000000001 0.134375 0.061919999999999996
1 0.4114062499999987 0.4883199999999994 0.0734375 0.033839999999999995
1 0.89765625 0.24644 0.2015625 0.09287999999999999
1 0.7223437499999978 0.22896000000000274 0.1265625 0.05832
1 0.41812499999999914 0.4956799999999996 0.10625 0.048960000000000004
