0 0.0453125 0.937199999999994 0.01875 0.024
0 0.856640625 0.5213000000000019 0.0203125 0.026
0 0.031640625 0.7455000000000015 0.0328125 0.042
0 0.5125 0.6695999999999994 0.0375 0.048
0 0.371875 0.5832000000000003 0.0375 0.048
0 0.404296875 0.508300000000001 0.0359375 0.046
0 0.2796875 0.5964000000000012 0.04375 0.056
0 0.276953125 0.12410000000000007 0.0265625 0.034
0 0.77421875 0.035 0.021875 0.028
0 0.306640625 0.0525 0.0390625 0.05
1 0.10218750000000001 0.19138000000000224 0.1140625 0.052559999999999996
1 0.1043750000000001 0.4920400000000002 0.146875 0.06767999999999999
1 0.4640625 0.7689600000000001 0.134375 0.061919999999999996
1 0.4079687499999986 0.4861199999999994 0.0734375 0.033839999999999995
1 0.90703125 0.24044 0.2015625 0.09287999999999999
1 0.7282812499999978 0.22516000000000272 0.1265625 0.05832
1 0.42312499999999903 0.4956799999999996 0.10625 0.048960000000000004
