0 0.0484375 0.941999999999994 0.01875 0.024
0 0.859765625 0.526500000000002 0.0203125 0.026
0 0.034765625 0.7539000000000016 0.0328125 0.042
0 0.509375 0.6791999999999994 0.0375 0.048
0 0.375 0.5928000000000002 0.0375 0.048
0 0.401171875 0.5175000000000011 0.0359375 0.046
0 0.2828125 0.6076000000000011 0.04375 0.056
0 0.276953125 0.1309000000000001 0.0265625 0.034
0 0.77421875 0.040600000000000004 0.021875 0.028
0 0.309765625 0.0625 0.0390625 0.05
1 0.096875 0.19478000000000223 0.1140625 0.052559999999999996
1 0.0975000000000001 0.48764000000000024 0.146875 0.06767999999999999
1 0.4578125 0.7649600000000001 0.134375 0.061919999999999996
1 0.40453124999999873 0.48391999999999935 0.0734375 0.033839999999999995
1 0.91640625 0.23444 0.2015625 0.09287999999999999
1 0.7342187499999977 0.22136000000000272 0.1265625 0.05832
1 0.4281249999999991 0.49887999999999966 0.10625 0.048960000000000004
