0 0.0515625 0.946799999999994 0.01875 0.024
0 0.862890625 0.531700000000002 0.0203125 0.026
0 0.037890625 0.7623000000000016 0.0328125 0.042
0 0.50625 0.6887999999999993 0.0375 0.048
0 0.378125 0.6024 0.0375 0.048
0 0.398046875 0.5267000000000011 0.0359375 0.046
0 0.2828125 0.6188000000000012 0.04375 0.056
0 0.273828125 0.13770000000000007 0.0265625 0.034
0 0.77109375 0.0462 0.021875 0.028
0 0.309765625 0.0725 0.0390625 0.05
1 0.0915625 0.1981800000000022 0.1140625 0.052559999999999996
1 0.0906250000000001 0.4832400000000002 0.146875 0.06767999999999999
1 0.4515625 0.7609600000000001 0.134375 0.061919999999999996
1 0.40109374999999864 0.4817199999999993 0.0734375 0.033839999999999995
1 0.92578125 0.22844 0.2015625 0.09287999999999999
1 0.7401562499999976 0.2175600000000027 0.1265625 0.05832
1 0.433124999999999 0.5020799999999997 0.10625 0.048960000000000004
