0 0.0546875 0.9515999999999939 0.01875 0.024
0 0.862890625 0.536900000000002 0.0203125 0.026
0 0.034765625 0.7707000000000017 0.0328125 0.042
0 0.503125 0.6983999999999991 0.0375 0.048
0 0.38125 0.612 0.0375 0.048
0 0.394921875 0.5359000000000012 0.0359375 0.046
0 0.2796875 0.6300000000000012 0.04375 0.056
0 0.270703125 0.14450000000000007 0.0265625 0.034
0 0.76796875 0.05179999999999999 0.021875 0.028
0 0.306640625 0.0825 0.0390625 0.05
1 0.08625000000000001 0.20158000000000217 0.1140625 0.052559999999999996
1 0.0837500000000001 0.47884000000000027 0.146875 0.06767999999999999
1 0.4453125 0.7569600000000001 0.134375 0.061919999999999996
1 0.3976562499999987 0.4795199999999992 0.0734375 0.033839999999999995
1 0.93515625 0.22244 0.2015625 0.09287999999999999
1 0.7460937499999976 0.2137600000000027 0.1265625 0.05832
1 0.4381249999999991 0.5052799999999997 0.10625 0.048960000000000004
