0 0.0546875 0.9563999999999938 0.01875 0.024
0 0.859765625 0.542100000000002 0.0203125 0.026
0 0.031640625 0.7791000000000018 0.0328125 0.042
0 0.50625 0.7079999999999991 0.0375 0.048
0 0.384375 0.6215999999999999 0.0375 0.048
0 0.391796875 0.5451000000000011 0.0359375 0.046
0 0.2765625 0.6412000000000013 0.04375 0.056
0 0.267578125 0.1513000000000001 0.0265625 0.034
0 0.76484375 0.057399999999999986 0.021875 0.028
0 0.303515625 0.0925 0.0390625 0.05
1 0.08093750000000001 0.20498000000000216 0.1140625 0.052559999999999996
1 0.07687500000000011 0.4744400000000003 0.146875 0.06767999999999999
1 0.4390625 0.7529600000000001 0.134375 0.061919999999999996
1 0.39421874999999873 0.4773199999999992 0.0734375 0.033839999999999995
1 0.94453125 0.21644 0.2015625 0.09287999999999999
1 0.7520312499999975 0.20996000000000267 0.1265625 0.05832
1 0.443124999999999 0.5084799999999998 0.10625 0.048960000000000004
