0 0.0515625 0.9611999999999938 0.01875 0.024
0 0.856640625 0.5473000000000021 0.0203125 0.026
0 0.028515625 0.787500000000002 0.0328125 0.042
0 0.509375 0.717599999999999 0.0375 0.048
0 0.3875 0.6311999999999999 0.0375 0.048
0 0.388671875 0.5543000000000012 0.0359375 0.046
0 0.2734375 0.6524000000000013 0.04375 0.056
0 0.264453125 0.1581000000000001 0.0265625 0.034
0 0.76171875 0.06299999999999997 0.021875 0.028
0 0.300390625 0.1025 0.0390625 0.05
1 0.07562500000000001 0.20838000000000212 0.1140625 0.052559999999999996
1 0.07000000000000009 0.4700400000000003 0.146875 0.06767999999999999
1 0.4328125 0.7489600000000001 0.134375 0.061919999999999996
1 0.39078124999999875 0.47511999999999915 0.0734375 0.033839999999999995
1 0.95390625 0.21044 0.2015625 0.09287999999999999
1 0.7579687499999974 0.20616000000000267 0.1265625 0.05832
1 0.44812499999999905 0.5116799999999998 0.10625 0.048960000000000004
