0 0.0484375 0.9659999999999938 0.01875 0.024
0 0.853515625 0.5525000000000022 0.0203125 0.026
0 0.025390625 0.795900000000002 0.0328125 0.042
0 0.5125 0.727199999999999 0.0375 0.048
0 0.390625 0.6407999999999997 0.0375 0.048
0 0.388671875 0.5635000000000012 0.0359375 0.046
0 0.2703125 0.6636000000000014 0.04375 0.056
0 0.261328125 0.16490000000000013 0.0265625 0.034
0 0.75859375 0.06859999999999997 0.021875 0.028
0 0.297265625 0.1125 0.0390625 0.05
1 0.07031250000000001 0.2117800000000021 0.1140625 0.052559999999999996
1 0.07687500000000011 0.46564000000000033 0.146875 0.06767999999999999
1 0.4265625 0.7449600000000001 0.134375 0.061919999999999996
1 0.38734374999999877 0.4729199999999991 0.0734375 0.033839999999999995
1 0.96328125 0.20444 0.2015625 0.09287999999999999
1 0.7639062499999973 0.20236000000000265 0.1265625 0.05832
1 0.45312499999999895 0.5148799999999999 0.10625 0.048960000000000004
