0 0.0453125 0.9707999999999937 0.01875 0.024
0 0.850390625 0.5577000000000022 0.0203125 0.026
0 0.13125 0.6288000000000001 0.025 0.032
0 0.022265625 0.8043000000000021 0.0328125 0.042
0 0.515625 0.7367999999999988 0.0375 0.048
0 0.3875 0.6503999999999996 0.0375 0.048
0 0.391796875 0.5727000000000013 0.0359375 0.046
0 0.2671875 0.6748000000000014 0.04375 0.056
0 0.261328125 0.17170000000000013 0.0265625 0.034
0 0.75859375 0.07419999999999997 0.021875 0.028
0 0.294140625 0.1225 0.0390625 0.05
1 0.06500000000000002 0.2151800000000021 0.1140625 0.052559999999999996
1 0.0837500000000001 0.46124000000000037 0.146875 0.06767999999999999
1 0.4203125 0.7409600000000001 0.134375 0.061919999999999996
1 0.3839062499999988 0.4707199999999991 0.0734375 0.033839999999999995
1 0.97265625 0.19844 0.2015625 0.09287999999999999
1 0.7698437499999973 0.19856000000000265 0.1265625 0.05832
1 0.458124999999999 0.5180799999999999 0.10625 0.048960000000000004
