0 0.0421875 0.9755999999999937 0.01875 0.024
0 0.847265625 0.5629000000000023 0.0203125 0.026
0 0.134375 0.6352000000000003 0.025 0.032
0 0.019140625 0.8127000000000022 0.0328125 0.042
0 0.51875 0.7463999999999987 0.0375 0.048
0 0.384375 0.6599999999999996 0.0375 0.048
0 0.394921875 0.5819000000000013 0.0359375 0.046
0 0.2671875 0.6860000000000015 0.04375 0.056
0 0.264453125 0.17850000000000013 0.0265625 0.034
0 0.76171875 0.07979999999999997 0.021875 0.028
0 0.294140625 0.1325 0.0390625 0.05
1 0.059687500000000004 0.21858000000000205 0.1140625 0.052559999999999996
1 0.0906250000000001 0.45684000000000036 0.146875 0.06767999999999999
1 0.4140625 0.7369600000000001 0.134375 0.061919999999999996
1 0.3804687499999988 0.468519999999999 0.0734375 0.033839999999999995
1 0.98203125 0.19244 0.2015625 0.09287999999999999
1 0.7757812499999972 0.19476000000000263 0.1265625 0.05832
1 0.46312499999999907 0.52128 0.10625 0.048960000000000004
