0 0.0390625 0.9803999999999936 0.01875 0.024
0 0.847265625 0.5681000000000023 0.0203125 0.026
0 0.1375 0.6416000000000004 0.025 0.032
0 0.022265625 0.8211000000000023 0.0328125 0.042
0 0.521875 0.7559999999999987 0.0375 0.048
0 0.38125 0.6695999999999994 0.0375 0.048
0 0.398046875 0.5911000000000014 0.0359375 0.046
0 0.2703125 0.6972000000000015 0.04375 0.056
0 0.267578125 0.18530000000000016 0.0265625 0.034
0 0.76484375 0.08539999999999996 0.021875 0.028
0 0.297265625 0.1425 0.0390625 0.05
1 0.05437500000000001 0.22198000000000204 0.1140625 0.052559999999999996
1 0.0975000000000001 0.4524400000000004 0.146875 0.06767999999999999
1 0.4078125 0.7329600000000001 0.134375 0.061919999999999996
1 0.3770312499999988 0.46631999999999896 0.0734375 0.033839999999999995
1 0.99140625 0.18644 0.2015625 0.09287999999999999
1 0.7817187499999971 0.19096000000000263 0.1265625 0.05832
1 0.4681249999999991 0.5244800000000001 0.10625 0.048960000000000004
