0 0.0390625 0.9851999999999935 0.01875 0.024
0 0.850390625 0.5733000000000024 0.0203125 0.026
0 0.140625 0.6480000000000005 0.025 0.032
0 0.025390625 0.8295000000000023 0.0328125 0.042
0 0.51875 0.7655999999999985 0.0375 0.048
0 0.378125 0.6791999999999994 0.0375 0.048
0 0.401171875 0.6003000000000014 0.0359375 0.046
0 0.2734375 0.7084000000000016 0.04375 0.056
0 0.270703125 0.19210000000000016 0.0265625 0.034
0 0.76796875 0.09099999999999996 0.021875 0.028
0 0.300390625 0.1525 0.0390625 0.05
1 0.059687500000000004 0.22538000000000202 0.1140625 0.052559999999999996
1 0.1043750000000001 0.44804000000000044 0.146875 0.06767999999999999
1 0.4015625 0.72896 0.134375 0.061919999999999996
1 0.37359374999999884 0.4641199999999989 0.0734375 0.033839999999999995
1 1.00078125 0.18044 0.2015625 0.09287999999999999
1 0.7876562499999971 0.1871600000000026 0.1265625 0.05832
1 0.47312499999999924 0.52768 0.10625 0.048960000000000004
