0 0.0421875 0.9899999999999936 0.01875 0.024
0 0.853515625 0.5785000000000023 0.0203125 0.026
0 0.14375 0.6544000000000005 0.025 0.032
0 0.028515625 0.8379000000000025 0.0328125 0.042
0 0.515625 0.7751999999999984 0.0375 0.048
0 0.375 0.6887999999999993 0.0375 0.048
0 0.404296875 0.6095000000000015 0.0359375 0.046
0 0.2765625 0.7196000000000016 0.04375 0.056
0 0.273828125 0.1989000000000002 0.0265625 0.034
0 0.77109375 0.09659999999999995 0.021875 0.028
0 0.303515625 0.1625 0.0390625 0.05
1 0.06500000000000002 0.22878000000000198 0.1140625 0.052559999999999996
1 0.1112500000000001 0.4436400000000004 0.146875 0.06767999999999999
1 0.3953125 0.72496 0.134375 0.061919999999999996
1 0.37015624999999885 0.4619199999999989 0.0734375 0.033839999999999995
1 1.01015625 0.17443999999999998 0.2015625 0.09287999999999999
1 0.793593749999997 0.1833600000000026 0.1265625 0.05832
1 0.4781249999999993 0.5308800000000001 0.10625 0.048960000000000004
