0 0.0453125 0.9947999999999935 0.01875 0.024
0 0.856640625 0.5837000000000024 0.0203125 0.026
0 0.14375 0.6608000000000006 0.025 0.032
0 0.031640625 0.8463000000000026 0.0328125 0.042
0 0.5125 0.7847999999999984 0.0375 0.048
0 0.371875 0.6983999999999991 0.0375 0.048
0 0.404296875 0.6187000000000015 0.0359375 0.046
0 0.2796875 0.7308000000000017 0.04375 0.056
0 0.276953125 0.2057000000000002 0.0265625 0.034
0 0.77421875 0.10219999999999994 0.021875 0.028
0 0.306640625 0.1725 0.0390625 0.05
1 0.07031250000000001 0.23218000000000197 0.1140625 0.052559999999999996
1 0.11812500000000008 0.43924000000000046 0.146875 0.06767999999999999
1 0.3890625 0.72096 0.134375 0.061919999999999996
1 0.36671874999999887 0.45971999999999885 0.0734375 0.033839999999999995
1 1.01953125 0.16844 0.2015625 0.09287999999999999
1 0.7995312499999969 0.17956000000000258 0.1265625 0.05832
1 0.48312499999999936 0.5340800000000001 0.10625 0.048960000000000004
