0 0.0484375 0.9995999999999934 0.01875 0.024
0 0.859765625 0.5889000000000025 0.0203125 0.026
0 0.140625 0.6672000000000007 0.025 0.032
0 0.034765625 0.8547000000000027 0.0328125 0.042
0 0.509375 0.7943999999999982 0.0375 0.048
0 0.375 0.7079999999999991 0.0375 0.048
0 0.401171875 0.6279000000000016 0.0359375 0.046
0 0.2828125 0.7420000000000017 0.04375 0.056
0 0.276953125 0.2125000000000002 0.0265625 0.034
0 0.77421875 0.10779999999999994 0.021875 0.028
0 0.309765625 0.1825 0.0390625 0.05
1 0.07562500000000001 0.23558000000000195 0.1140625 0.052559999999999996
1 0.12500000000000008 0.4348400000000005 0.146875 0.06767999999999999
1 0.3828125 0.71696 0.134375 0.061919999999999996
1 0.3632812499999989 0.45751999999999876 0.0734375 0.033839999999999995
1 1.02890625 0.16244 0.2015625 0.09287999999999999
1 0.8054687499999968 0.17576000000000258 0.1265625 0.05832
1 0.4881249999999994 0.5372800000000002 0.10625 0.048960000000000004
