0 0.0515625 1.0043999999999933 0.01875 0.024
0 0.862890625 0.5941000000000025 0.0203125 0.026
0 0.1375 0.6736000000000009 0.025 0.032
0 0.037890625 0.8631000000000028 0.0328125 0.042
0 0.50625 0.8039999999999982 0.0375 0.048
0 0.398046875 0.6371000000000017 0.0359375 0.046
0 0.2828125 0.7532000000000018 0.04375 0.056
0 0.273828125 0.21930000000000022 0.0265625 0.034
0 0.77109375 0.11339999999999993 0.021875 0.028
0 0.309765625 0.1925 0.0390625 0.05
1 0.08093750000000001 0.2389800000000019 0.1140625 0.052559999999999996
1 0.1318750000000001 0.4304400000000005 0.146875 0.06767999999999999
1 0.3765625 0.71296 0.134375 0.061919999999999996
1 0.3598437499999989 0.4553199999999987 0.0734375 0.033839999999999995
1 1.03828125 0.15644 0.2015625 0.09287999999999999
1 0.8114062499999968 0.17196000000000256 0.1265625 0.05832
1 0.4931249999999995 0.5404800000000003 0.10625 0.048960000000000004
