0 0.862890625 0.5993000000000026 0.0203125 0.026
0 0.134375 0.6800000000000009 0.025 0.032
0 0.034765625 0.8715000000000028 0.0328125 0.042
0 0.503125 0.8135999999999981 0.0375 0.048
0 0.394921875 0.6463000000000017 0.0359375 0.046
0 0.2796875 0.7644000000000017 0.04375 0.056
0 0.270703125 0.22610000000000022 0.0265625 0.034
0 0.76796875 0.11899999999999993 0.021875 0.028
0 0.306640625 0.2025 0.0390625 0.05
1 0.08625000000000001 0.2423800000000019 0.1140625 0.052559999999999996
1 0.1387500000000001 0.42604000000000053 0.146875 0.06767999999999999
1 0.3703125 0.70896 0.134375 0.061919999999999996
1 0.3564062499999989 0.4531199999999987 0.0734375 0.033839999999999995
1 1.04765625 0.15044 0.2015625 0.09287999999999999
1 0.8173437499999967 0.16816000000000256 0.1265625 0.05832
1 0.4981249999999996 0.5436800000000003 0.10625 0.048960000000000004
