0 0.859765625 0.6045000000000026 0.0203125 0.026
0 0.13125 0.686400000000001 0.025 0.032
0 0.031640625 0.8799000000000029 0.0328125 0.042
0 0.50625 0.823199999999998 0.0375 0.048
0 0.391796875 0.6555000000000017 0.0359375 0.046
0 0.2765625 0.7756000000000018 0.04375 0.056
0 0.267578125 0.23290000000000025 0.0265625 0.034
0 0.76484375 0.12459999999999992 0.021875 0.028
0 0.303515625 0.2125 0.0390625 0.05
1 0.0915625 0.24578000000000189 0.1140625 0.052559999999999996
1 0.14562500000000012 0.42164000000000057 0.146875 0.06767999999999999
1 0.3640625 0.70496 0.134375 0.061919999999999996
1 0.35296874999999894 0.45091999999999866 0.0734375 0.033839999999999995
1 1.05703125 0.14443999999999999 0.2015625 0.09287999999999999
1 0.8232812499999966 0.16436000000000253 0.1265625 0.05832
1 0.5031249999999996 0.5468800000000004 0.10625 0.048960000000000004
