0 0.856640625 0.6097000000000027 0.0203125 0.026
0 0.128125 0.6928000000000011 0.025 0.032
0 0.028515625 0.888300000000003 0.0328125 0.042
0 0.509375 0.8327999999999979 0.0375 0.048
0 0.388671875 0.6647000000000017 0.0359375 0.046
0 0.2734375 0.7868000000000019 0.04375 0.056
0 0.264453125 0.23970000000000025 0.0265625 0.034
0 0.76171875 0.13019999999999993 0.021875 0.028
0 0.300390625 0.2225 0.0390625 0.05
1 0.096875 0.24918000000000184 0.1140625 0.052559999999999996
1 0.15250000000000014 0.41724000000000055 0.146875 0.06767999999999999
1 0.3578125 0.70096 0.134375 0.061919999999999996
1 0.34953124999999896 0.4487199999999986 0.0734375 0.033839999999999995
1 1.06640625 0.13844 0.2015625 0.09287999999999999
1 0.8292187499999966 0.16056000000000253 0.1265625 0.05832
1 0.5081249999999997 0.5500800000000003 0.10625 0.048960000000000004
