0 0.853515625 0.6149000000000027 0.0203125 0.026
0 0.128125 0.6992000000000012 0.025 0.032
0 0.025390625 0.8967000000000032 0.0328125 0.042
0 0.5125 0.8423999999999978 0.0375 0.048
0 0.388671875 0.6739000000000018 0.0359375 0.046
0 0.2703125 0.7980000000000019 0.04375 0.056
0 0.261328125 0.24650000000000025 0.0265625 0.034
0 0.75859375 0.13579999999999992 0.021875 0.028
0 0.297265625 0.2325 0.0390625 0.05
1 0.10218750000000001 0.25258000000000186 0.1140625 0.052559999999999996
1 0.15937500000000013 0.4128400000000006 0.146875 0.06767999999999999
1 0.3515625 0.69696 0.134375 0.061919999999999996
1 0.346093749999999 0.4465199999999986 0.0734375 0.033839999999999995
1 1.07578125 0.13244 0.2015625 0.09287999999999999
1 0.8351562499999965 0.1567600000000025 0.1265625 0.05832
1 0.5131249999999998 0.5532800000000004 0.10625 0.048960000000000004
