0 0.850390625 0.6201000000000028 0.0203125 0.026
0 0.13125 0.7056000000000012 0.025 0.032
0 0.022265625 0.9051000000000032 0.0328125 0.042
0 0.515625 0.8519999999999978 0.0375 0.048
0 0.2671875 0.809200000000002 0.04375 0.056
0 0.261328125 0.25330000000000025 0.0265625 0.034
0 0.75859375 0.14139999999999994 0.021875 0.028
0 0.294140625 0.2425 0.0390625 0.05
1 0.1075 0.2559800000000018 0.1140625 0.052559999999999996
1 0.16625000000000015 0.40844000000000064 0.146875 0.06767999999999999
1 0.3453125 0.69296 0.134375 0.061919999999999996
1 0.342656249999999 0.4443199999999985 0.0734375 0.033839999999999995
1 1.08515625 0.12644 0.2015625 0.09287999999999999
1 0.8410937499999964 0.1529600000000025 0.1265625 0.05832
1 0.5181249999999998 0.5564800000000004 0.10625 0.048960000000000004
