0 0.847265625 0.6253000000000027 0.0203125 0.026
0 0.134375 0.7120000000000014 0.025 0.032
0 0.019140625 0.9135000000000033 0.0328125 0.042
0 0.51875 0.8615999999999976 0.0375 0.048
0 0.2671875 0.820400000000002 0.04375 0.056
0 0.264453125 0.2601000000000003 0.0265625 0.034
0 0.76171875 0.14699999999999996 0.021875 0.028
0 0.294140625 0.2525 0.0390625 0.05
1 0.11281250000000001 0.2593800000000018 0.1140625 0.052559999999999996
1 0.17312500000000014 0.4040400000000006 0.146875 0.06767999999999999
1 0.3390625 0.68896 0.134375 0.061919999999999996
1 0.339218749999999 0.44211999999999846 0.0734375 0.033839999999999995
1 1.09453125 0.12043999999999999 0.2015625 0.09287999999999999
1 0.8470312499999963 0.14916000000000249 0.1265625 0.05832
1 0.523125 0.5596800000000005 0.10625 0.048960000000000004
