0 0.847265625 0.6305000000000028 0.0203125 0.026
0 0.1375 0.7184000000000015 0.025 0.032
0 0.022265625 0.9219000000000034 0.0328125 0.042
0 0.521875 0.8711999999999975 0.0375 0.048
0 0.2703125 0.8316000000000021 0.04375 0.056
0 0.267578125 0.26690000000000025 0.0265625 0.034
0 0.76484375 0.15259999999999999 0.021875 0.028
0 0.297265625 0.2625 0.0390625 0.05
0 0.32421875 0.009 0.015625 0.02
1 0.11812500000000001 0.26278000000000173 0.1140625 0.052559999999999996
1 0.18000000000000016 0.39964000000000066 0.146875 0.06767999999999999
1 0.3328125 0.68496 0.134375 0.061919999999999996
1 0.33578124999999903 0.4399199999999984 0.0734375 0.033839999999999995
1 0.8499999999999963 0.1472600000000025 0.1265625 0.05832
1 0.528125 0.5628800000000006 0.10625 0.048960000000000004
