0 0.850390625 0.6357000000000029 0.0203125 0.026
0 0.140625 0.7248000000000016 0.025 0.032
0 0.025390625 0.9303000000000035 0.0328125 0.042
0 0.51875 0.8807999999999975 0.0375 0.048
0 0.2734375 0.8428000000000021 0.04375 0.056
0 0.270703125 0.2737000000000002 0.0265625 0.034
0 0.76796875 0.1582 0.021875 0.028
0 0.300390625 0.2725 0.0390625 0.05
0 0.32734375 0.013 0.015625 0.02
1 0.12343750000000002 0.2661800000000017 0.1140625 0.052559999999999996
1 0.18687500000000018 0.3952400000000007 0.146875 0.06767999999999999
1 0.3265625 0.68096 0.134375 0.061919999999999996
1 0.33234374999999905 0.4377199999999984 0.0734375 0.033839999999999995
1 0.8559374999999962 0.14346000000000247 0.1265625 0.05832
1 0.5331250000000001 0.5660800000000006 0.10625 0.048960000000000004
