0 0.853515625 0.6409000000000029 0.0203125 0.026
0 0.14375 0.7312000000000016 0.025 0.032
0 0.028515625 0.9387000000000035 0.0328125 0.042
0 0.515625 0.8903999999999974 0.0375 0.048
0 0.2765625 0.8540000000000022 0.04375 0.056
0 0.273828125 0.2805000000000002 0.0265625 0.034
0 0.77109375 0.16380000000000003 0.021875 0.028
0 0.303515625 0.2825 0.0390625 0.05
0 0.33046875 0.017 0.015625 0.02
1 0.12875000000000003 0.2695800000000017 0.1140625 0.052559999999999996
1 0.19375000000000017 0.3908400000000007 0.146875 0.06767999999999999
1 0.3203125 0.67696 0.134375 0.061919999999999996
1 0.32890624999999907 0.43551999999999835 0.0734375 0.033839999999999995
1 0.8618749999999962 0.13966000000000248 0.1265625 0.05832
1 0.5381250000000002 0.5692800000000007 0.10625 0.048960000000000004
