0 0.856640625 0.646100000000003 0.0203125 0.026
0 0.14375 0.7376000000000017 0.025 0.032
0 0.031640625 0.9471000000000036 0.0328125 0.042
0 0.5125 0.8999999999999972 0.0375 0.048
0 0.2796875 0.8652000000000022 0.04375 0.056
0 0.276953125 0.2873000000000001 0.0265625 0.034
0 0.77421875 0.16940000000000005 0.021875 0.028
0 0.306640625 0.2925 0.0390625 0.05
0 0.33359375 0.021 0.015625 0.02
1 0.13406250000000003 0.27298000000000167 0.1140625 0.052559999999999996
1 0.2006250000000002 0.3864400000000007 0.146875 0.06767999999999999
1 0.3140625 0.67296 0.134375 0.061919999999999996
1 0.3254687499999991 0.43331999999999826 0.0734375 0.033839999999999995
1 0.8678124999999961 0.13586000000000245 0.1265625 0.05832
1 0.5431250000000002 0.5724800000000007 0.10625 0.048960000000000004
