0 0.859765625 0.651300000000003 0.0203125 0.026
0 0.140625 0.7440000000000018 0.025 0.032
0 0.034765625 0.9555000000000038 0.0328125 0.042
0 0.509375 0.9095999999999972 0.0375 0.048
0 0.2828125 0.8764000000000023 0.04375 0.056
0 0.276953125 0.2941000000000001 0.0265625 0.034
0 0.77421875 0.17500000000000007 0.021875 0.028
0 0.309765625 0.3025 0.0390625 0.05
0 0.33671875 0.025 0.015625 0.02
1 0.13937500000000005 0.2763800000000016 0.1140625 0.052559999999999996
1 0.20750000000000018 0.38204000000000077 0.146875 0.06767999999999999
1 0.3078125 0.66896 0.134375 0.061919999999999996
1 0.3220312499999991 0.4311199999999982 0.0734375 0.033839999999999995
1 0.873749999999996 0.13206000000000245 0.1265625 0.05832
1 0.5481250000000003 0.5756800000000007 0.10625 0.048960000000000004
