0 0.862890625 0.6565000000000031 0.0203125 0.026
0 0.1375 0.750400000000002 0.025 0.032
0 0.037890625 0.9639000000000039 0.0328125 0.042
0 0.50625 0.9191999999999971 0.0375 0.048
0 0.2828125 0.8876000000000023 0.04375 0.056
0 0.273828125 0.30090000000000006 0.0265625 0.034
0 0.77109375 0.18060000000000012 0.021875 0.028
0 0.309765625 0.3125 0.0390625 0.05
0 0.33671875 0.029 0.015625 0.02
1 0.14468750000000005 0.27978000000000164 0.1140625 0.052559999999999996
1 0.2143750000000002 0.3776400000000008 0.146875 0.06767999999999999
1 0.3015625 0.66496 0.134375 0.061919999999999996
1 0.3185937499999991 0.4289199999999982 0.0734375 0.033839999999999995
1 0.879687499999996 0.12826000000000243 0.1265625 0.05832
1 0.5531250000000003 0.5788800000000008 0.10625 0.048960000000000004
