0 0.862890625 0.6617000000000031 0.0203125 0.026
0 0.134375 0.756800000000002 0.025 0.032
0 0.034765625 0.9723000000000039 0.0328125 0.042
0 0.503125 0.928799999999997 0.0375 0.048
0 0.2796875 0.8988000000000024 0.04375 0.056
0 0.270703125 0.3077 0.0265625 0.034
0 0.76796875 0.18620000000000014 0.021875 0.028
0 0.306640625 0.3225 0.0390625 0.05
0 0.33359375 0.033 0.015625 0.02
1 0.15000000000000008 0.2831800000000016 0.1140625 0.052559999999999996
1 0.22125000000000022 0.3732400000000008 0.146875 0.06767999999999999
1 0.2953125 0.66096 0.134375 0.061919999999999996
1 0.31515624999999914 0.42671999999999816 0.0734375 0.033839999999999995
1 0.8856249999999959 0.12446000000000243 0.1265625 0.05832
1 0.5581250000000004 0.5820800000000008 0.10625 0.048960000000000004
