0 0.859765625 0.6669000000000032 0.0203125 0.026
0 0.13125 0.7632000000000021 0.025 0.032
0 0.031640625 0.980700000000004 0.0328125 0.042
0 0.50625 0.9383999999999969 0.0375 0.048
0 0.2765625 0.9100000000000024 0.04375 0.056
0 0.267578125 0.31449999999999995 0.0265625 0.034
0 0.76484375 0.19180000000000016 0.021875 0.028
0 0.303515625 0.3325 0.0390625 0.05
0 0.33046875 0.037 0.015625 0.02
1 0.15531250000000008 0.28658000000000156 0.1140625 0.052559999999999996
1 0.22812500000000022 0.36884000000000083 0.146875 0.06767999999999999
1 0.2890625 0.65696 0.134375 0.061919999999999996
1 0.31515624999999914 0.4245199999999981 0.0734375 0.033839999999999995
1 0.8915624999999958 0.12066000000000242 0.1265625 0.05832
1 0.5631250000000005 0.5852800000000009 0.10625 0.048960000000000004
