0 0.856640625 0.6721000000000033 0.0203125 0.026
0 0.128125 0.7696000000000022 0.025 0.032
0 0.028515625 0.9891000000000041 0.0328125 0.042
0 0.509375 0.9479999999999968 0.0375 0.048
0 0.2734375 0.9212000000000025 0.04375 0.056
0 0.264453125 0.3212999999999999 0.0265625 0.034
0 0.76171875 0.1974000000000002 0.021875 0.028
0 0.300390625 0.3425 0.0390625 0.05
0 0.32734375 0.041 0.015625 0.02
1 0.16062500000000007 0.28998000000000157 0.1140625 0.052559999999999996
1 0.23500000000000024 0.3644400000000009 0.146875 0.06767999999999999
1 0.2828125 0.65296 0.134375 0.061919999999999996
1 0.3185937499999991 0.4223199999999981 0.0734375 0.033839999999999995
1 0.8974999999999957 0.1168600000000024 0.1265625 0.05832
1 0.5681250000000005 0.5884800000000009 0.10625 0.048960000000000004
