0 0.853515625 0.6773000000000032 0.0203125 0.026
0 0.128125 0.7760000000000022 0.025 0.032
0 0.025390625 0.9975000000000042 0.0328125 0.042
0 0.5125 0.9575999999999967 0.0375 0.048
0 0.2703125 0.9324000000000024 0.04375 0.056
0 0.261328125 0.32809999999999984 0.0265625 0.034
0 0.75859375 0.2030000000000002 0.021875 0.028
0 0.32421875 0.045 0.015625 0.02
1 0.1659375000000001 0.29338000000000153 0.1140625 0.052559999999999996
1 0.24187500000000023 0.36004000000000086 0.146875 0.06767999999999999
1 0.2765625 0.64896 0.134375 0.061919999999999996
1 0.3220312499999991 0.420119999999998 0.0734375 0.033839999999999995
1 0.9034374999999957 0.1130600000000024 0.1265625 0.05832
1 0.5731250000000007 0.591680000000001 0.10625 0.048960000000000004
