0 0.850390625 0.6825000000000033 0.0203125 0.026
0 0.13125 0.7824000000000023 0.025 0.032
0 0.022265625 1.0059000000000042 0.0328125 0.042
0 0.515625 0.9671999999999966 0.0375 0.048
0 0.2671875 0.9436000000000025 0.04375 0.056
0 0.75859375 0.20860000000000023 0.021875 0.028
0 0.32109375 0.049 0.015625 0.02
1 0.1712500000000001 0.2967800000000015 0.1140625 0.052559999999999996
1 0.24875000000000025 0.3556400000000009 0.146875 0.06767999999999999
1 0.2703125 0.65296 0.134375 0.061919999999999996
1 0.3254687499999991 0.41791999999999796 0.0734375 0.033839999999999995
1 0.9093749999999956 0.10926000000000238 0.1265625 0.05832
1 0.5781250000000007 0.594880000000001 0.10625 0.048960000000000004
