0 0.847265625 0.6877000000000033 0.0203125 0.026
0 0.134375 0.7888000000000025 0.025 0.032
0 0.51875 0.9767999999999966 0.0375 0.048
0 0.2671875 0.9548000000000025 0.04375 0.056
0 0.76171875 0.21420000000000025 0.021875 0.028
0 0.32109375 0.053 0.015625 0.02
1 0.17656250000000012 0.3001800000000015 0.1140625 0.052559999999999996
1 0.25562500000000027 0.35124000000000094 0.146875 0.06767999999999999
1 0.2640625 0.65696 0.134375 0.061919999999999996
1 0.32890624999999907 0.4157199999999979 0.0734375 0.033839999999999995
1 0.9153124999999955 0.10546000000000237 0.1265625 0.05832
1 0.5831250000000008 0.598080000000001 0.10625 0.048960000000000004
