0 0.847265625 0.6929000000000034 0.0203125 0.026
0 0.1375 0.7952000000000026 0.025 0.032
0 0.521875 0.9863999999999965 0.0375 0.048
0 0.2703125 0.9660000000000026 0.04375 0.056
0 0.76484375 0.21980000000000027 0.021875 0.028
0 0.32421875 0.057 0.015625 0.02
1 0.18187500000000012 0.30358000000000146 0.1140625 0.052559999999999996
1 0.2625000000000003 0.3468400000000009 0.146875 0.06767999999999999
1 0.2578125 0.66096 0.134375 0.061919999999999996
1 0.33234374999999905 0.4135199999999979 0.0734375 0.033839999999999995
1 0.9212499999999955 0.10166000000000236 0.1265625 0.05832
1 0.5881250000000009 0.6012800000000011 0.10625 0.048960000000000004
