0 0.850390625 0.6981000000000034 0.0203125 0.026
0 0.140625 0.8016000000000026 0.025 0.032
0 0.51875 0.9959999999999963 0.0375 0.048
0 0.2734375 0.9772000000000026 0.04375 0.056
0 0.76796875 0.2254000000000003 0.021875 0.028
0 0.32734375 0.061 0.015625 0.02
1 0.18718750000000012 0.3069800000000014 0.1140625 0.052559999999999996
1 0.26937500000000025 0.34244000000000097 0.146875 0.06767999999999999
1 0.2515625 0.66496 0.134375 0.061919999999999996
1 0.33578124999999903 0.41131999999999785 0.0734375 0.033839999999999995
1 0.9271874999999954 0.09786000000000235 0.1265625 0.05832
1 0.5931250000000009 0.6044800000000011 0.10625 0.048960000000000004
