0 0.853515625 0.7033000000000035 0.0203125 0.026
0 0.14375 0.8080000000000027 0.025 0.032
0 0.515625 1.0055999999999963 0.0375 0.048
0 0.2765625 0.9884000000000027 0.04375 0.056
0 0.77109375 0.23100000000000032 0.021875 0.028
0 0.33046875 0.065 0.015625 0.02
1 0.19250000000000014 0.31038000000000143 0.1140625 0.052559999999999996
1 0.2762500000000003 0.338040000000001 0.146875 0.06767999999999999
1 0.2453125 0.66896 0.134375 0.061919999999999996
1 0.339218749999999 0.40911999999999776 0.0734375 0.033839999999999995
1 0.9331249999999953 0.09406000000000234 0.1265625 0.05832
1 0.598125000000001 0.6076800000000012 0.10625 0.048960000000000004
