0 0.856640625 0.7085000000000036 0.0203125 0.026
0 0.14375 0.8144000000000028 0.025 0.032
0 0.2796875 0.9996000000000027 0.04375 0.056
0 0.77421875 0.23660000000000034 0.021875 0.028
0 0.33359375 0.069 0.015625 0.02
1 0.19781250000000014 0.3137800000000014 0.1140625 0.052559999999999996
1 0.28312500000000024 0.333640000000001 0.146875 0.06767999999999999
1 0.2390625 0.67296 0.134375 0.061919999999999996
1 0.342656249999999 0.40691999999999773 0.0734375 0.033839999999999995
1 0.9390624999999952 0.09026000000000234 0.1265625 0.05832
1 0.603125000000001 0.6108800000000012 0.10625 0.048960000000000004
