0 0.859765625 0.7137000000000036 0.0203125 0.026
0 0.140625 0.8208000000000029 0.025 0.032
0 0.2828125 1.0108000000000028 0.04375 0.056
0 0.77421875 0.24220000000000036 0.021875 0.028
0 0.33671875 0.073 0.015625 0.02
1 0.20312500000000017 0.31718000000000135 0.1140625 0.052559999999999996
1 0.2900000000000002 0.32924000000000103 0.146875 0.06767999999999999
1 0.2328125 0.67696 0.134375 0.061919999999999996
1 0.346093749999999 0.4047199999999977 0.0734375 0.033839999999999995
1 0.9331249999999953 0.09026000000000234 0.1265625 0.05832
1 0.6081250000000011 0.6140800000000013 0.10625 0.048960000000000004
