0 0.862890625 0.7189000000000036 0.0203125 0.026
0 0.1375 0.827200000000003 0.025 0.032
0 0.77109375 0.24780000000000038 0.021875 0.028
0 0.33671875 0.077 0.015625 0.02
1 0.20843750000000014 0.32058000000000136 0.1140625 0.052559999999999996
1 0.29687500000000017 0.3248400000000011 0.146875 0.06767999999999999
1 0.2265625 0.68096 0.134375 0.061919999999999996
1 0.34953124999999896 0.40251999999999766 0.0734375 0.033839999999999995
1 0.9271874999999954 0.09406000000000234 0.1265625 0.05832
1 0.6131250000000013 0.6172800000000014 0.10625 0.048960000000000004
