0 0.862890625 0.7241000000000036 0.0203125 0.026
0 0.134375 0.8336000000000031 0.025 0.032
0 0.76796875 0.2534000000000004 0.021875 0.028
0 0.33359375 0.081 0.015625 0.02
1 0.2137500000000002 0.3239800000000013 0.1140625 0.052559999999999996
1 0.30375000000000013 0.32044000000000106 0.146875 0.06767999999999999
1 0.2203125 0.68496 0.134375 0.061919999999999996
1 0.35296874999999894 0.4003199999999976 0.0734375 0.033839999999999995
1 0.9212499999999955 0.09786000000000235 0.1265625 0.05832
1 0.6181250000000013 0.6204800000000014 0.10625 0.048960000000000004
