0 0.859765625 0.7293000000000037 0.0203125 0.026
0 0.13125 0.8400000000000032 0.025 0.032
0 0.76484375 0.25900000000000045 0.021875 0.028
0 0.33046875 0.085 0.015625 0.02
1 0.21906250000000016 0.3273800000000013 0.1140625 0.052559999999999996
1 0.3106250000000001 0.3160400000000011 0.146875 0.06767999999999999
1 0.2140625 0.68896 0.134375 0.061919999999999996
1 0.3564062499999989 0.3981199999999976 0.0734375 0.033839999999999995
1 0.9153124999999955 0.10166000000000236 0.1265625 0.05832
1 0.6231250000000014 0.6236800000000015 0.10625 0.048960000000000004
