0 0.856640625 0.7345000000000037 0.0203125 0.026
0 0.128125 0.8464000000000033 0.025 0.032
0 0.76171875 0.26460000000000045 0.021875 0.028
0 0.32734375 0.089 0.015625 0.02
1 0.2243750000000002 0.3307800000000013 0.1140625 0.052559999999999996
1 0.31750000000000006 0.31164000000000114 0.146875 0.06767999999999999
1 0.2078125 0.69296 0.134375 0.061919999999999996
1 0.3598437499999989 0.3959199999999975 0.0734375 0.033839999999999995
1 0.9093749999999956 0.10546000000000237 0.1265625 0.05832
1 0.6281250000000014 0.6268800000000014 0.10625 0.048960000000000004
