0 0.853515625 0.7397000000000038 0.0203125 0.026
0 0.128125 0.8528000000000033 0.025 0.032
0 0.75859375 0.27020000000000044 0.021875 0.028
0 0.32421875 0.093 0.015625 0.02
1 0.22968750000000018 0.33418000000000125 0.1140625 0.052559999999999996
1 0.324375 0.3072400000000011 0.146875 0.06767999999999999
1 0.2015625 0.69696 0.134375 0.061919999999999996
1 0.3632812499999989 0.39371999999999746 0.0734375 0.033839999999999995
1 0.9034374999999957 0.10926000000000238 0.1265625 0.05832
1 0.6331250000000015 0.6300800000000015 0.10625 0.048960000000000004
