0 0.850390625 0.7449000000000039 0.0203125 0.026
0 0.13125 0.8592000000000034 0.025 0.032
0 0.75859375 0.2758000000000005 0.021875 0.028
0 0.32109375 0.097 0.015625 0.02
1 0.23500000000000024 0.3375800000000012 0.1140625 0.052559999999999996
1 0.33125 0.30284000000000116 0.146875 0.06767999999999999
1 0.1953125 0.70096 0.134375 0.061919999999999996
1 0.36671874999999887 0.3915199999999974 0.0734375 0.033839999999999995
1 0.8974999999999957 0.1130600000000024 0.1265625 0.05832
1 0.6381250000000016 0.6332800000000016 0.10625 0.048960000000000004
