0 0.847265625 0.7501000000000039 0.0203125 0.026
0 0.134375 0.8656000000000036 0.025 0.032
0 0.76171875 0.2814000000000005 0.021875 0.028
0 0.32109375 0.101 0.015625 0.02
1 0.2403125000000002 0.3409800000000012 0.1140625 0.052559999999999996
1 0.33812499999999995 0.2984400000000012 0.146875 0.06767999999999999
1 0.1890625 0.70496 0.134375 0.061919999999999996
1 0.37015624999999885 0.3893199999999974 0.0734375 0.033839999999999995
1 0.8915624999999958 0.1168600000000024 0.1265625 0.05832
1 0.6431250000000016 0.6364800000000016 0.10625 0.048960000000000004
