0 0.847265625 0.755300000000004 0.0203125 0.026
0 0.1375 0.8720000000000037 0.025 0.032
0 0.76484375 0.28700000000000053 0.021875 0.028
0 0.32421875 0.105 0.015625 0.02
1 0.24562500000000026 0.3443800000000012 0.1140625 0.052559999999999996
1 0.3449999999999999 0.2940400000000012 0.146875 0.06767999999999999
1 0.1828125 0.70896 0.134375 0.061919999999999996
1 0.37359374999999884 0.38711999999999736 0.0734375 0.033839999999999995
1 0.8856249999999959 0.12066000000000242 0.1265625 0.05832
1 0.6481250000000017 0.6396800000000017 0.10625 0.048960000000000004
