0 0.850390625 0.760500000000004 0.0203125 0.026
0 0.140625 0.8784000000000037 0.025 0.032
0 0.76796875 0.2926000000000005 0.021875 0.028
0 0.32734375 0.109 0.015625 0.02
1 0.2509375000000002 0.34778000000000114 0.1140625 0.052559999999999996
1 0.3518749999999999 0.28964000000000123 0.146875 0.06767999999999999
1 0.1765625 0.71296 0.134375 0.061919999999999996
1 0.3770312499999988 0.38491999999999726 0.0734375 0.033839999999999995
1 0.879687499999996 0.12446000000000243 0.1265625 0.05832
1 0.6531250000000017 0.6428800000000017 0.10625 0.048960000000000004
