0 0.853515625 0.765700000000004 0.0203125 0.026
0 0.14375 0.8848000000000038 0.025 0.032
0 0.77109375 0.2982000000000006 0.021875 0.028
0 0.33046875 0.113 0.015625 0.02
1 0.25625000000000026 0.35118000000000116 0.1140625 0.052559999999999996
1 0.35874999999999985 0.28524000000000127 0.146875 0.06767999999999999
1 0.1703125 0.71696 0.134375 0.061919999999999996
1 0.3804687499999988 0.38271999999999723 0.0734375 0.033839999999999995
1 0.873749999999996 0.12826000000000243 0.1265625 0.05832
1 0.6581250000000018 0.6460800000000018 0.10625 0.048960000000000004
