0 0.856640625 0.770900000000004 0.0203125 0.026
0 0.14375 0.8912000000000039 0.025 0.032
0 0.77421875 0.30380000000000057 0.021875 0.028
0 0.33359375 0.117 0.015625 0.02
1 0.26156250000000025 0.3545800000000011 0.1140625 0.052559999999999996
1 0.3656249999999998 0.28084000000000126 0.146875 0.06767999999999999
1 0.1640625 0.72096 0.134375 0.061919999999999996
1 0.3839062499999988 0.3805199999999972 0.0734375 0.033839999999999995
1 0.8678124999999961 0.13206000000000245 0.1265625 0.05832
1 0.663125000000002 0.6492800000000017 0.10625 0.048960000000000004
