0 0.859765625 0.7761000000000041 0.0203125 0.026
0 0.140625 0.897600000000004 0.025 0.032
0 0.77421875 0.3094000000000006 0.021875 0.028
0 0.33671875 0.121 0.015625 0.02
0 0.794140625 0.0225 0.0390625 0.05
1 0.2668750000000002 0.3579800000000011 0.1140625 0.052559999999999996
1 0.3724999999999998 0.2764400000000013 0.146875 0.06767999999999999
1 0.1578125 0.72496 0.134375 0.061919999999999996
1 0.38734374999999877 0.37831999999999716 0.0734375 0.033839999999999995
1 0.8618749999999962 0.13586000000000245 0.1265625 0.05832
1 0.668125000000002 0.6524800000000018 0.10625 0.048960000000000004
