0 0.862890625 0.7813000000000042 0.0203125 0.026
0 0.1375 0.9040000000000041 0.025 0.032
0 0.77109375 0.3150000000000006 0.021875 0.028
0 0.33671875 0.125 0.015625 0.02
0 0.797265625 0.0325 0.0390625 0.05
0 0.55234375 0.0126 0.028125 0.036
1 0.27218750000000014 0.3613800000000011 0.1140625 0.052559999999999996
1 0.37937499999999974 0.27204000000000134 0.146875 0.06767999999999999
1 0.1515625 0.72896 0.134375 0.061919999999999996
1 0.39078124999999875 0.3761199999999971 0.0734375 0.033839999999999995
1 0.8559374999999962 0.13966000000000248 0.1265625 0.05832
1 0.6731250000000021 0.6556800000000019 0.10625 0.048960000000000004
