0 0.862890625 0.7865000000000042 0.0203125 0.026
0 0.134375 0.9104000000000042 0.025 0.032
0 0.76796875 0.32060000000000066 0.021875 0.028
0 0.33359375 0.129 0.015625 0.02
0 0.800390625 0.0425 0.0390625 0.05
0 0.55546875 0.019799999999999998 0.028125 0.036
1 0.27750000000000014 0.36478000000000105 0.1140625 0.052559999999999996
1 0.3862499999999997 0.2676400000000014 0.146875 0.06767999999999999
1 0.1453125 0.7329600000000001 0.134375 0.061919999999999996
1 0.39421874999999873 0.37391999999999703 0.0734375 0.033839999999999995
1 0.8499999999999963 0.14346000000000247 0.1265625 0.05832
1 0.6781250000000021 0.6588800000000019 0.10625 0.048960000000000004
