0 0.859765625 0.7917000000000043 0.0203125 0.026
0 0.13125 0.9168000000000043 0.025 0.032
0 0.76484375 0.32620000000000066 0.021875 0.028
0 0.33046875 0.133 0.015625 0.02
0 0.803515625 0.0525 0.0390625 0.05
0 0.55859375 0.027 0.028125 0.036
1 0.2828125000000001 0.368180000000001 0.1140625 0.052559999999999996
1 0.39312499999999967 0.26324000000000136 0.146875 0.06767999999999999
1 0.1390625 0.7369600000000001 0.134375 0.061919999999999996
1 0.3976562499999987 0.371719999999997 0.0734375 0.033839999999999995
1 0.8440624999999964 0.1472600000000025 0.1265625 0.05832
1 0.6831250000000022 0.662080000000002 0.10625 0.048960000000000004
