0 0.856640625 0.7969000000000043 0.0203125 0.026
0 0.128125 0.9232000000000044 0.025 0.032
0 0.76171875 0.3318000000000007 0.021875 0.028
0 0.32734375 0.137 0.015625 0.02
0 0.806640625 0.0625 0.0390625 0.05
0 0.56171875 0.0342 0.028125 0.036
1 0.2881250000000001 0.371580000000001 0.1140625 0.052559999999999996
1 0.39999999999999963 0.2588400000000014 0.146875 0.06767999999999999
1 0.1328125 0.7409600000000001 0.134375 0.061919999999999996
1 0.40109374999999864 0.36951999999999696 0.0734375 0.033839999999999995
1 0.8381249999999965 0.1510600000000025 0.1265625 0.05832
1 0.6881250000000023 0.665280000000002 0.10625 0.048960000000000004
