0 0.853515625 0.8021000000000044 0.0203125 0.026
0 0.128125 0.9296000000000044 0.025 0.032
0 0.75859375 0.3374000000000007 0.021875 0.028
0 0.32421875 0.141 0.015625 0.02
0 0.806640625 0.0725 0.0390625 0.05
0 0.56484375 0.041400000000000006 0.028125 0.036
1 0.2934375 0.374980000000001 0.1140625 0.052559999999999996
1 0.4068749999999996 0.25444000000000144 0.146875 0.06767999999999999
1 0.1265625 0.7369600000000001 0.134375 0.061919999999999996
1 0.40453124999999873 0.3673199999999969 0.0734375 0.033839999999999995
1 0.8321874999999965 0.15486000000000252 0.1265625 0.05832
1 0.6931250000000023 0.6684800000000021 0.10625 0.048960000000000004
