0 0.850390625 0.8073000000000043 0.0203125 0.026
0 0.13125 0.9360000000000045 0.025 0.032
0 0.75859375 0.34300000000000075 0.021875 0.028
0 0.32109375 0.145 0.015625 0.02
0 0.803515625 0.0825 0.0390625 0.05
0 0.56796875 0.04860000000000001 0.028125 0.036
1 0.29874999999999996 0.37838000000000094 0.1140625 0.052559999999999996
1 0.41374999999999956 0.2500400000000015 0.146875 0.06767999999999999
1 0.1203125 0.7329600000000001 0.134375 0.061919999999999996
1 0.4079687499999986 0.3651199999999969 0.0734375 0.033839999999999995
1 0.8262499999999966 0.15866000000000252 0.1265625 0.05832
1 0.6981250000000024 0.6716800000000022 0.10625 0.048960000000000004
