0 0.847265625 0.8125000000000044 0.0203125 0.026
0 0.134375 0.9424000000000047 0.025 0.032
0 0.76171875 0.34860000000000074 0.021875 0.028
0 0.32109375 0.149 0.015625 0.02
0 0.800390625 0.0925 0.0390625 0.05
0 0.56484375 0.05580000000000001 0.028125 0.036
1 0.30406249999999996 0.38178000000000095 0.1140625 0.052559999999999996
1 0.4206249999999995 0.2456400000000015 0.146875 0.06767999999999999
1 0.1140625 0.72896 0.134375 0.061919999999999996
1 0.4114062499999987 0.36291999999999686 0.0734375 0.033839999999999995
1 0.8203124999999967 0.16246000000000255 0.1265625 0.05832
1 0.7031250000000024 0.6748800000000021 0.10625 0.048960000000000004
