0 0.847265625 0.8177000000000045 0.0203125 0.026
0 0.1375 0.9488000000000048 0.025 0.032
0 0.76484375 0.3542000000000008 0.021875 0.028
0 0.32421875 0.153 0.015625 0.02
0 0.797265625 0.1025 0.0390625 0.05
0 0.56171875 0.06300000000000001 0.028125 0.036
1 0.3093749999999999 0.3851800000000009 0.1140625 0.052559999999999996
1 0.4274999999999995 0.2412400000000015 0.146875 0.06767999999999999
1 0.1078125 0.72496 0.134375 0.061919999999999996
1 0.41484374999999857 0.36071999999999677 0.0734375 0.033839999999999995
1 0.8143749999999967 0.16626000000000254 0.1265625 0.05832
1 0.7081250000000026 0.6780800000000022 0.10625 0.048960000000000004
