0 0.850390625 0.8229000000000045 0.0203125 0.026
0 0.140625 0.9552000000000048 0.025 0.032
0 0.76796875 0.3598000000000008 0.021875 0.028
0 0.32734375 0.157 0.015625 0.02
0 0.794140625 0.1125 0.0390625 0.05
0 0.55859375 0.07020000000000001 0.028125 0.036
0 0.81640625 0.023399999999999997 0.040625 0.052
1 0.3146874999999999 0.38858000000000087 0.1140625 0.052559999999999996
1 0.43437499999999946 0.23684000000000155 0.146875 0.06767999999999999
1 0.1015625 0.72096 0.134375 0.061919999999999996
1 0.41828124999999866 0.35851999999999673 0.0734375 0.033839999999999995
1 0.8084374999999968 0.17006000000000257 0.1265625 0.05832
1 0.7131250000000027 0.6812800000000022 0.10625 0.048960000000000004
