0 0.853515625 0.8281000000000046 0.0203125 0.026
0 0.14375 0.9616000000000049 0.025 0.032
0 0.77109375 0.36540000000000084 0.021875 0.028
0 0.33046875 0.161 0.015625 0.02
0 0.791015625 0.1225 0.0390625 0.05
0 0.55546875 0.07740000000000001 0.028125 0.036
0 0.81953125 0.0338 0.040625 0.052
1 0.31999999999999984 0.3919800000000009 0.1140625 0.052559999999999996
1 0.4412499999999994 0.23244000000000156 0.146875 0.06767999999999999
1 0.0953125 0.71696 0.134375 0.061919999999999996
1 0.42171874999999853 0.3563199999999967 0.0734375 0.033839999999999995
1 0.8024999999999969 0.17386000000000257 0.1265625 0.05832
1 0.7181250000000027 0.6844800000000023 0.10625 0.048960000000000004
