0 0.856640625 0.8333000000000046 0.0203125 0.026
0 0.14375 0.968000000000005 0.025 0.032
0 0.77421875 0.37100000000000083 0.021875 0.028
0 0.33359375 0.165 0.015625 0.02
0 0.791015625 0.1325 0.0390625 0.05
0 0.55234375 0.0846 0.028125 0.036
0 0.82265625 0.0442 0.040625 0.052
1 0.3253124999999998 0.39538000000000084 0.1140625 0.052559999999999996
1 0.4481249999999994 0.22804000000000157 0.146875 0.06767999999999999
1 0.0890625 0.71296 0.134375 0.061919999999999996
1 0.4251562499999986 0.35411999999999666 0.0734375 0.033839999999999995
1 0.796562499999997 0.1776600000000026 0.1265625 0.05832
1 0.7231250000000028 0.6876800000000023 0.10625 0.048960000000000004
