0 0.859765625 0.8385000000000047 0.0203125 0.026
0 0.140625 0.974400000000005 0.025 0.032
0 0.77421875 0.3766000000000009 0.021875 0.028
0 0.33671875 0.169 0.015625 0.02
0 0.794140625 0.1425 0.0390625 0.05
0 0.54921875 0.09179999999999998 0.028125 0.036
0 0.82578125 0.0546 0.040625 0.052
1 0.3306249999999998 0.3987800000000008 0.1140625 0.052559999999999996
1 0.45499999999999935 0.22364000000000162 0.146875 0.06767999999999999
1 0.0828125 0.70896 0.134375 0.061919999999999996
1 0.4285937499999985 0.3519199999999966 0.0734375 0.033839999999999995
1 0.790624999999997 0.1814600000000026 0.1265625 0.05832
1 0.7281250000000028 0.6908800000000024 0.10625 0.048960000000000004
