0 0.862890625 0.8437000000000047 0.0203125 0.026
0 0.1375 0.9808000000000052 0.025 0.032
0 0.77109375 0.3822000000000009 0.021875 0.028
0 0.33671875 0.173 0.015625 0.02
0 0.797265625 0.1525 0.0390625 0.05
0 0.55234375 0.09899999999999998 0.028125 0.036
0 0.82890625 0.065 0.040625 0.052
0 0.12734375 0.0154 0.034375 0.044
1 0.3359374999999997 0.4021800000000008 0.1140625 0.052559999999999996
1 0.4618749999999993 0.21924000000000163 0.146875 0.06767999999999999
1 0.0765625 0.70496 0.134375 0.061919999999999996
1 0.4320312499999986 0.34971999999999653 0.0734375 0.033839999999999995
1 0.7846874999999971 0.18526000000000262 0.1265625 0.05832
1 0.7331250000000029 0.6940800000000025 0.10625 0.048960000000000004
