0 0.862890625 0.8489000000000048 0.0203125 0.026
0 0.134375 0.9872000000000053 0.025 0.032
0 0.76796875 0.3878000000000009 0.021875 0.028
0 0.33359375 0.177 0.015625 0.02
0 0.800390625 0.1625 0.0390625 0.05
0 0.55546875 0.10619999999999996 0.028125 0.036
0 0.82890625 0.07540000000000001 0.040625 0.052
0 0.13046875 0.024200000000000003 0.034375 0.044
1 0.3412499999999997 0.4055800000000008 0.1140625 0.052559999999999996
1 0.4687499999999993 0.21484000000000164 0.146875 0.06767999999999999
1 0.0703125 0.70096 0.134375 0.061919999999999996
1 0.43546874999999846 0.3475199999999965 0.0734375 0.033839999999999995
1 0.7787499999999972 0.18906000000000261 0.1265625 0.05832
1 0.738125000000003 0.6972800000000025 0.10625 0.048960000000000004
