0 0.859765625 0.8541000000000047 0.0203125 0.026
0 0.13125 0.9936000000000054 0.025 0.032
0 0.76484375 0.39340000000000097 0.021875 0.028
0 0.33046875 0.181 0.015625 0.02
0 0.803515625 0.1725 0.0390625 0.05
0 0.55859375 0.11339999999999995 0.028125 0.036
0 0.82578125 0.08580000000000002 0.040625 0.052
0 0.13359375 0.033 0.034375 0.044
1 0.34656249999999966 0.40898000000000073 0.1140625 0.052559999999999996
1 0.47562499999999924 0.21044000000000168 0.146875 0.06767999999999999
1 0.0640625 0.70496 0.134375 0.061919999999999996
1 0.43890624999999855 0.34531999999999646 0.0734375 0.033839999999999995
1 0.7728124999999972 0.19286000000000264 0.1265625 0.05832
1 0.743125000000003 0.7004800000000025 0.10625 0.048960000000000004
