0 0.856640625 0.8593000000000048 0.0203125 0.026
0 0.128125 1.0000000000000056 0.025 0.032
0 0.76171875 0.39900000000000097 0.021875 0.028
0 0.32734375 0.185 0.015625 0.02
0 0.806640625 0.1825 0.0390625 0.05
0 0.56171875 0.12059999999999994 0.028125 0.036
0 0.82265625 0.09620000000000002 0.040625 0.052
0 0.13671875 0.0418 0.034375 0.044
1 0.3518749999999996 0.41238000000000075 0.1140625 0.052559999999999996
1 0.4824999999999992 0.2060400000000017 0.146875 0.06767999999999999
1 0.0703125 0.70896 0.134375 0.061919999999999996
1 0.4423437499999986 0.34311999999999643 0.0734375 0.033839999999999995
1 0.7668749999999973 0.19666000000000264 0.1265625 0.05832
1 0.7481250000000031 0.7036800000000025 0.10625 0.048960000000000004
