0 0.853515625 0.8645000000000049 0.0203125 0.026
0 0.128125 1.0064000000000055 0.025 0.032
0 0.75859375 0.404600000000001 0.021875 0.028
0 0.32421875 0.189 0.015625 0.02
0 0.806640625 0.1925 0.0390625 0.05
0 0.56484375 0.1277999999999999 0.028125 0.036
0 0.81953125 0.10660000000000003 0.040625 0.052
0 0.13984375 0.05059999999999999 0.034375 0.044
1 0.3571874999999996 0.4157800000000007 0.1140625 0.052559999999999996
1 0.48937499999999917 0.2016400000000017 0.146875 0.06767999999999999
1 0.0765625 0.71296 0.134375 0.061919999999999996
1 0.4457812499999987 0.3409199999999964 0.0734375 0.033839999999999995
1 0.7609374999999974 0.20046000000000266 0.1265625 0.05832
1 0.7531250000000032 0.7068800000000026 0.10625 0.048960000000000004
