0 0.850390625 0.8697000000000049 0.0203125 0.026
0 0.75859375 0.410200000000001 0.021875 0.028
0 0.32109375 0.193 0.015625 0.02
0 0.803515625 0.2025 0.0390625 0.05
0 0.56796875 0.13499999999999993 0.028125 0.036
0 0.81640625 0.11700000000000003 0.040625 0.052
0 0.14296875 0.059399999999999994 0.034375 0.044
1 0.36249999999999954 0.41918000000000066 0.1140625 0.052559999999999996
1 0.49624999999999914 0.19724000000000175 0.146875 0.06767999999999999
1 0.0828125 0.71696 0.134375 0.061919999999999996
1 0.4492187499999988 0.33871999999999636 0.0734375 0.033839999999999995
1 0.7549999999999975 0.20426000000000266 0.1265625 0.05832
1 0.7581250000000033 0.7100800000000027 0.10625 0.048960000000000004
