0 0.847265625 0.874900000000005 0.0203125 0.026
0 0.76171875 0.41580000000000106 0.021875 0.028
0 0.32109375 0.197 0.015625 0.02
0 0.800390625 0.2125 0.0390625 0.05
0 0.56484375 0.1421999999999999 0.028125 0.036
0 0.81328125 0.12740000000000004 0.040625 0.052
0 0.13984375 0.06819999999999998 0.034375 0.044
1 0.36781249999999954 0.4225800000000007 0.1140625 0.052559999999999996
1 0.5031249999999992 0.19284000000000176 0.146875 0.06767999999999999
1 0.0890625 0.72096 0.134375 0.061919999999999996
1 0.4526562499999988 0.33651999999999627 0.0734375 0.033839999999999995
1 0.7490624999999975 0.2080600000000027 0.1265625 0.05832
1 0.7631250000000034 0.7132800000000027 0.10625 0.048960000000000004
