0 0.847265625 0.880100000000005 0.0203125 0.026
0 0.76484375 0.42140000000000105 0.021875 0.028
0 0.32421875 0.201 0.015625 0.02
0 0.797265625 0.2225 0.0390625 0.05
0 0.56171875 0.1493999999999999 0.028125 0.036
0 0.81328125 0.13780000000000003 0.040625 0.052
0 0.13671875 0.07699999999999999 0.034375 0.044
1 0.3731249999999995 0.42598000000000064 0.1140625 0.052559999999999996
1 0.5099999999999991 0.1884400000000018 0.146875 0.06767999999999999
1 0.0953125 0.72496 0.134375 0.061919999999999996
1 0.4560937499999989 0.33431999999999623 0.0734375 0.033839999999999995
1 0.7431249999999976 0.21186000000000269 0.1265625 0.05832
1 0.7681250000000034 0.7164800000000028 0.10625 0.048960000000000004
