0 0.850390625 0.8853000000000051 0.0203125 0.026
0 0.76796875 0.4270000000000011 0.021875 0.028
0 0.32734375 0.205 0.015625 0.02
0 0.794140625 0.2325 0.0390625 0.05
0 0.55859375 0.15659999999999988 0.028125 0.036
0 0.81640625 0.14820000000000003 0.040625 0.052
0 0.13359375 0.0858 0.034375 0.044
1 0.3784374999999994 0.4293800000000006 0.1140625 0.052559999999999996
1 0.5168749999999991 0.1840400000000018 0.146875 0.06767999999999999
1 0.1015625 0.72896 0.134375 0.061919999999999996
1 0.45953124999999895 0.3321199999999962 0.0734375 0.033839999999999995
1 0.7371874999999977 0.21566000000000268 0.1265625 0.05832
1 0.7731250000000035 0.7196800000000028 0.10625 0.048960000000000004
