0 0.853515625 0.8905000000000051 0.0203125 0.026
0 0.77109375 0.4326000000000011 0.021875 0.028
0 0.33046875 0.209 0.015625 0.02
0 0.791015625 0.2425 0.0390625 0.05
0 0.81953125 0.1586 0.040625 0.052
0 0.13046875 0.0946 0.034375 0.044
1 0.3837499999999994 0.4327800000000006 0.1140625 0.052559999999999996
1 0.523749999999999 0.17964000000000183 0.146875 0.06767999999999999
1 0.1078125 0.7329600000000001 0.134375 0.061919999999999996
1 0.46296874999999904 0.32991999999999616 0.0734375 0.033839999999999995
1 0.7312499999999977 0.2194600000000027 0.1265625 0.05832
1 0.7781250000000035 0.7228800000000029 0.10625 0.048960000000000004
