0 0.856640625 0.8957000000000052 0.0203125 0.026
0 0.77421875 0.43820000000000114 0.021875 0.028
0 0.33359375 0.213 0.015625 0.02
0 0.791015625 0.2525 0.0390625 0.05
0 0.82265625 0.16899999999999998 0.040625 0.052
0 0.12734375 0.10340000000000002 0.034375 0.044
1 0.38906249999999937 0.43618000000000057 0.1140625 0.052559999999999996
1 0.530624999999999 0.17524000000000187 0.146875 0.06767999999999999
1 0.1140625 0.7369600000000001 0.134375 0.061919999999999996
1 0.46640624999999913 0.3277199999999961 0.0734375 0.033839999999999995
1 0.7253124999999978 0.2232600000000027 0.1265625 0.05832
1 0.7831250000000036 0.7260800000000028 0.10625 0.048960000000000004
