0 0.859765625 0.9009000000000053 0.0203125 0.026
0 0.77421875 0.44380000000000114 0.021875 0.028
0 0.33671875 0.217 0.015625 0.02
0 0.794140625 0.2625 0.0390625 0.05
0 0.82578125 0.17939999999999995 0.040625 0.052
0 0.12421875 0.11220000000000004 0.034375 0.044
1 0.39437499999999936 0.4395800000000005 0.1140625 0.052559999999999996
1 0.537499999999999 0.17084000000000188 0.146875 0.06767999999999999
1 0.1203125 0.7409600000000001 0.134375 0.061919999999999996
1 0.46984374999999917 0.32551999999999603 0.0734375 0.033839999999999995
1 0.7193749999999979 0.22706000000000273 0.1265625 0.05832
1 0.7881250000000037 0.7292800000000029 0.10625 0.048960000000000004
