0 0.862890625 0.9061000000000052 0.0203125 0.026
0 0.77109375 0.4494000000000012 0.021875 0.028
0 0.33671875 0.221 0.015625 0.02
0 0.797265625 0.2725 0.0390625 0.05
0 0.82890625 0.1897999999999999 0.040625 0.052
0 0.12734375 0.12100000000000004 0.034375 0.044
1 0.3996874999999993 0.44298000000000054 0.1140625 0.052559999999999996
1 0.5443749999999989 0.1664400000000019 0.146875 0.06767999999999999
1 0.1265625 0.7449600000000001 0.134375 0.061919999999999996
1 0.47328124999999927 0.323319999999996 0.0734375 0.033839999999999995
1 0.713437499999998 0.23086000000000273 0.1265625 0.05832
1 0.7931250000000037 0.732480000000003 0.10625 0.048960000000000004
