0 0.862890625 0.9113000000000053 0.0203125 0.026
0 0.76796875 0.4550000000000012 0.021875 0.028
0 0.33359375 0.225 0.015625 0.02
0 0.800390625 0.2825 0.0390625 0.05
0 0.82890625 0.2001999999999999 0.040625 0.052
0 0.13046875 0.12980000000000008 0.034375 0.044
1 0.40499999999999925 0.4463800000000005 0.1140625 0.052559999999999996
1 0.5512499999999989 0.16204000000000193 0.146875 0.06767999999999999
1 0.1328125 0.7489600000000001 0.134375 0.061919999999999996
1 0.4767187499999993 0.32111999999999596 0.0734375 0.033839999999999995
1 0.707499999999998 0.23466000000000276 0.1265625 0.05832
1 0.7981250000000039 0.735680000000003 0.10625 0.048960000000000004
