0 0.859765625 0.9165000000000053 0.0203125 0.026
0 0.76484375 0.46060000000000123 0.021875 0.028
0 0.33046875 0.229 0.015625 0.02
0 0.803515625 0.2925 0.0390625 0.05
0 0.82578125 0.21059999999999987 0.040625 0.052
0 0.13359375 0.13860000000000008 0.034375 0.044
1 0.41031249999999925 0.44978000000000046 0.1140625 0.052559999999999996
1 0.5581249999999989 0.15764000000000192 0.146875 0.06767999999999999
1 0.1390625 0.7529600000000001 0.134375 0.061919999999999996
1 0.4801562499999994 0.31891999999999593 0.0734375 0.033839999999999995
1 0.7015624999999981 0.23846000000000275 0.1265625 0.05832
1 0.8031250000000039 0.7388800000000031 0.10625 0.048960000000000004
