0 0.856640625 0.9217000000000054 0.0203125 0.026
0 0.76171875 0.4662000000000012 0.021875 0.028
0 0.32734375 0.233 0.015625 0.02
0 0.806640625 0.3025 0.0390625 0.05
0 0.82265625 0.22099999999999986 0.040625 0.052
0 0.13671875 0.14740000000000006 0.034375 0.044
1 0.4156249999999992 0.45318000000000047 0.1140625 0.052559999999999996
1 0.5649999999999988 0.1532400000000019 0.146875 0.06767999999999999
1 0.1453125 0.7569600000000001 0.134375 0.061919999999999996
1 0.4835937499999995 0.3167199999999959 0.0734375 0.033839999999999995
1 0.6956249999999982 0.24226000000000278 0.1265625 0.05832
1 0.808125000000004 0.7420800000000031 0.10625 0.048960000000000004
