0 0.853515625 0.9269000000000054 0.0203125 0.026
0 0.75859375 0.4718000000000013 0.021875 0.028
0 0.32421875 0.237 0.015625 0.02
0 0.806640625 0.3125 0.0390625 0.05
0 0.81953125 0.23139999999999983 0.040625 0.052
0 0.13984375 0.15620000000000006 0.034375 0.044
1 0.4209374999999992 0.45658000000000043 0.1140625 0.052559999999999996
1 0.5718749999999988 0.14884000000000192 0.146875 0.06767999999999999
1 0.1515625 0.7609600000000001 0.134375 0.061919999999999996
1 0.4870312499999995 0.31451999999999586 0.0734375 0.033839999999999995
1 0.6896874999999982 0.24606000000000278 0.1265625 0.05832
1 0.8131250000000041 0.7452800000000032 0.10625 0.048960000000000004
