0 0.850390625 0.9321000000000055 0.0203125 0.026
0 0.75859375 0.47740000000000127 0.021875 0.028
0 0.32109375 0.241 0.015625 0.02
0 0.803515625 0.3225 0.0390625 0.05
0 0.81640625 0.24179999999999982 0.040625 0.052
0 0.14296875 0.1650000000000001 0.034375 0.044
1 0.42624999999999913 0.4599800000000004 0.1140625 0.052559999999999996
1 0.5787499999999988 0.1444400000000019 0.146875 0.06767999999999999
1 0.1578125 0.7649600000000001 0.134375 0.061919999999999996
1 0.4904687499999996 0.31231999999999577 0.0734375 0.033839999999999995
1 0.6837499999999983 0.2498600000000028 0.1265625 0.05832
1 0.8181250000000041 0.7484800000000033 0.10625 0.048960000000000004
