0 0.847265625 0.9373000000000056 0.0203125 0.026
0 0.76171875 0.4830000000000013 0.021875 0.028
0 0.32109375 0.245 0.015625 0.02
0 0.800390625 0.3325 0.0390625 0.05
0 0.81328125 0.2521999999999998 0.040625 0.052
0 0.13984375 0.1738000000000001 0.034375 0.044
1 0.43156249999999907 0.4633800000000004 0.1140625 0.052559999999999996
1 0.5856249999999987 0.14004000000000189 0.146875 0.06767999999999999
1 0.1640625 0.7689600000000001 0.134375 0.061919999999999996
1 0.49390624999999966 0.31011999999999573 0.0734375 0.033839999999999995
1 0.6778124999999984 0.2536600000000028 0.1265625 0.05832
1 0.8231250000000042 0.7516800000000032 0.10625 0.048960000000000004
