0 0.847265625 0.9425000000000056 0.0203125 0.026
0 0.76484375 0.4886000000000013 0.021875 0.028
0 0.32421875 0.249 0.015625 0.02
0 0.797265625 0.3425 0.0390625 0.05
0 0.81328125 0.2625999999999998 0.040625 0.052
0 0.13671875 0.1826000000000001 0.034375 0.044
1 0.43687499999999907 0.46678000000000036 0.1140625 0.052559999999999996
1 0.5924999999999987 0.1356400000000019 0.146875 0.06767999999999999
1 0.1703125 0.7729600000000001 0.134375 0.061919999999999996
1 0.49734374999999975 0.3079199999999957 0.0734375 0.033839999999999995
1 0.6718749999999984 0.2574600000000028 0.1265625 0.05832
1 0.8281250000000042 0.7548800000000033 0.10625 0.048960000000000004
