0 0.850390625 0.9477000000000056 0.0203125 0.026
0 0.76796875 0.49420000000000136 0.021875 0.028
0 0.32734375 0.253 0.015625 0.02
0 0.794140625 0.3525 0.0390625 0.05
0 0.81640625 0.2729999999999998 0.040625 0.052
0 0.13359375 0.19140000000000013 0.034375 0.044
0 0.80859375 0.009800000000000001 0.021875 0.028
1 0.442187499999999 0.4701800000000004 0.1140625 0.052559999999999996
1 0.5993749999999987 0.13124000000000188 0.146875 0.06767999999999999
1 0.1765625 0.77696 0.134375 0.061919999999999996
1 0.5007812499999998 0.30571999999999566 0.0734375 0.033839999999999995
1 0.6659374999999985 0.2612600000000028 0.1265625 0.05832
1 0.8331250000000043 0.7580800000000033 0.10625 0.048960000000000004
