0 0.853515625 0.9529000000000056 0.0203125 0.026
0 0.77109375 0.49980000000000135 0.021875 0.028
0 0.33046875 0.257 0.015625 0.02
0 0.791015625 0.3625 0.0390625 0.05
0 0.81953125 0.28339999999999976 0.040625 0.052
0 0.13046875 0.20020000000000013 0.034375 0.044
0 0.81171875 0.0154 0.021875 0.028
1 0.447499999999999 0.47358000000000033 0.1140625 0.052559999999999996
1 0.6062499999999986 0.12684000000000187 0.146875 0.06767999999999999
1 0.1828125 0.78096 0.134375 0.061919999999999996
1 0.5042187499999999 0.3035199999999956 0.0734375 0.033839999999999995
1 0.6599999999999986 0.26506000000000285 0.1265625 0.05832
1 0.8381250000000044 0.7612800000000034 0.10625 0.048960000000000004
