0 0.856640625 0.9581000000000057 0.0203125 0.026
0 0.77421875 0.5054000000000014 0.021875 0.028
0 0.33359375 0.261 0.015625 0.02
0 0.791015625 0.3725 0.0390625 0.05
0 0.82265625 0.29379999999999973 0.040625 0.052
0 0.12734375 0.20900000000000013 0.034375 0.044
0 0.81484375 0.021 0.021875 0.028
1 0.45281249999999895 0.4769800000000003 0.1140625 0.052559999999999996
1 0.6131249999999986 0.12244000000000187 0.146875 0.06767999999999999
1 0.1890625 0.78496 0.134375 0.061919999999999996
1 0.5076562499999999 0.30131999999999554 0.0734375 0.033839999999999995
1 0.6540624999999987 0.2688600000000029 0.1265625 0.05832
1 0.8431250000000045 0.7644800000000034 0.10625 0.048960000000000004
