0 0.859765625 0.9633000000000057 0.0203125 0.026
0 0.77421875 0.5110000000000015 0.021875 0.028
0 0.33671875 0.265 0.015625 0.02
0 0.794140625 0.3825 0.0390625 0.05
0 0.82578125 0.3041999999999997 0.040625 0.052
0 0.12421875 0.21780000000000016 0.034375 0.044
0 0.81796875 0.026600000000000002 0.021875 0.028
1 0.4581249999999989 0.4803800000000003 0.1140625 0.052559999999999996
1 0.6199999999999986 0.11804000000000187 0.146875 0.06767999999999999
1 0.1953125 0.78896 0.134375 0.061919999999999996
1 0.51109375 0.2991199999999955 0.0734375 0.033839999999999995
1 0.6481249999999987 0.27266000000000284 0.1265625 0.05832
1 0.8481250000000046 0.7676800000000035 0.10625 0.048960000000000004
