0 0.862890625 0.9685000000000058 0.0203125 0.026
0 0.77109375 0.5166000000000015 0.021875 0.028
0 0.33671875 0.269 0.015625 0.02
0 0.797265625 0.3925 0.0390625 0.05
0 0.82890625 0.31459999999999966 0.040625 0.052
0 0.12734375 0.22660000000000016 0.034375 0.044
0 0.82109375 0.0322 0.021875 0.028
1 0.4634374999999989 0.48378000000000027 0.1140625 0.052559999999999996
1 0.6268749999999985 0.11364000000000186 0.146875 0.06767999999999999
1 0.2015625 0.79296 0.134375 0.061919999999999996
1 0.5145312500000001 0.29691999999999547 0.0734375 0.033839999999999995
1 0.6421874999999988 0.27646000000000287 0.1265625 0.05832
1 0.8531250000000046 0.7708800000000036 0.10625 0.048960000000000004
