0 0.862890625 0.9737000000000059 0.0203125 0.026
0 0.76796875 0.5222000000000014 0.021875 0.028
0 0.33359375 0.273 0.015625 0.02
0 0.800390625 0.4025 0.0390625 0.05
0 0.82890625 0.3249999999999997 0.040625 0.052
0 0.13046875 0.23540000000000016 0.034375 0.044
0 0.82421875 0.03780000000000001 0.021875 0.028
1 0.46874999999999883 0.4871800000000002 0.1140625 0.052559999999999996
1 0.6337499999999985 0.10924000000000186 0.146875 0.06767999999999999
1 0.2078125 0.79696 0.134375 0.061919999999999996
1 0.5179687500000002 0.29471999999999543 0.0734375 0.033839999999999995
1 0.6362499999999989 0.2802600000000029 0.1265625 0.05832
1 0.8581250000000047 0.7740800000000035 0.10625 0.048960000000000004
