0 0.859765625 0.9789000000000059 0.0203125 0.026
0 0.76484375 0.5278000000000013 0.021875 0.028
0 0.33046875 0.277 0.015625 0.02
0 0.803515625 0.4125 0.0390625 0.05
0 0.82578125 0.33539999999999964 0.040625 0.052
0 0.13359375 0.2442000000000002 0.034375 0.044
0 0.82109375 0.0434 0.021875 0.028
1 0.47406249999999883 0.49058000000000024 0.1140625 0.052559999999999996
1 0.6406249999999984 0.10484000000000185 0.146875 0.06767999999999999
1 0.2140625 0.80096 0.134375 0.061919999999999996
1 0.5214062500000003 0.2925199999999954 0.0734375 0.033839999999999995
1 0.6303124999999989 0.2840600000000029 0.1265625 0.05832
1 0.8631250000000048 0.7772800000000036 0.10625 0.048960000000000004
1 0.0734375 0.53496 0.134375 0.061919999999999996
