0 0.856640625 0.984100000000006 0.0203125 0.026
0 0.76171875 0.5334000000000012 0.021875 0.028
0 0.32734375 0.281 0.015625 0.02
0 0.806640625 0.4225 0.0390625 0.05
0 0.82265625 0.3457999999999996 0.040625 0.052
0 0.13671875 0.2530000000000002 0.034375 0.044
0 0.81796875 0.048999999999999995 0.021875 0.028
1 0.4793749999999988 0.4939800000000002 0.1140625 0.052559999999999996
1 0.6474999999999984 0.10044000000000185 0.146875 0.06767999999999999
1 0.2203125 0.80496 0.134375 0.061919999999999996
1 0.5248437500000003 0.29031999999999536 0.0734375 0.033839999999999995
1 0.624374999999999 0.2878600000000029 0.1265625 0.05832
1 0.8681250000000048 0.7804800000000036 0.10625 0.048960000000000004
1 0.0796875 0.53896 0.134375 0.061919999999999996
