0 0.853515625 0.989300000000006 0.0203125 0.026
0 0.75859375 0.5390000000000011 0.021875 0.028
0 0.32421875 0.285 0.015625 0.02
0 0.806640625 0.4325 0.0390625 0.05
0 0.81953125 0.3561999999999996 0.040625 0.052
0 0.13984375 0.2618000000000002 0.034375 0.044
0 0.81484375 0.05459999999999999 0.021875 0.028
1 0.4846874999999987 0.49738000000000016 0.1140625 0.052559999999999996
1 0.6543749999999984 0.09604000000000185 0.146875 0.06767999999999999
1 0.2265625 0.80896 0.134375 0.061919999999999996
1 0.5282812500000004 0.28811999999999527 0.0734375 0.033839999999999995
1 0.6184374999999991 0.29166000000000286 0.1265625 0.05832
1 0.8731250000000049 0.7836800000000037 0.10625 0.048960000000000004
1 0.0859375 0.54296 0.134375 0.061919999999999996
