0 0.850390625 0.994500000000006 0.0203125 0.026
0 0.75859375 0.5446000000000011 0.021875 0.028
0 0.32109375 0.289 0.015625 0.02
0 0.803515625 0.4425 0.0390625 0.05
0 0.81640625 0.3665999999999996 0.040625 0.052
0 0.14296875 0.2706000000000002 0.034375 0.044
0 0.81171875 0.06019999999999998 0.021875 0.028
1 0.4899999999999987 0.5007800000000001 0.1140625 0.052559999999999996
1 0.6612499999999983 0.09164000000000183 0.146875 0.06767999999999999
1 0.2328125 0.81296 0.134375 0.061919999999999996
1 0.5317187500000005 0.28591999999999523 0.0734375 0.033839999999999995
1 0.6124999999999992 0.29546000000000283 0.1265625 0.05832
1 0.8781250000000049 0.7868800000000038 0.10625 0.048960000000000004
1 0.0921875 0.54696 0.134375 0.061919999999999996
