0 0.847265625 0.999700000000006 0.0203125 0.026
0 0.76171875 0.5502000000000009 0.021875 0.028
0 0.32109375 0.293 0.015625 0.02
0 0.800390625 0.4525 0.0390625 0.05
0 0.81328125 0.37699999999999956 0.040625 0.052
0 0.13984375 0.27940000000000015 0.034375 0.044
0 0.80859375 0.06579999999999998 0.021875 0.028
1 0.49531249999999866 0.5041800000000001 0.1140625 0.052559999999999996
1 0.6681249999999983 0.09604000000000185 0.146875 0.06767999999999999
1 0.2390625 0.81696 0.134375 0.061919999999999996
1 0.5351562500000006 0.2837199999999952 0.0734375 0.033839999999999995
1 0.6065624999999992 0.2992600000000028 0.1265625 0.05832
1 0.883125000000005 0.7900800000000038 0.10625 0.048960000000000004
1 0.0984375 0.55096 0.134375 0.061919999999999996
