0 0.847265625 1.0049000000000061 0.0203125 0.026
0 0.76484375 0.5558000000000008 0.021875 0.028
0 0.32421875 0.297 0.015625 0.02
0 0.797265625 0.4625 0.0390625 0.05
0 0.81328125 0.3873999999999995 0.040625 0.052
0 0.13671875 0.2882000000000001 0.034375 0.044
0 0.80546875 0.07139999999999998 0.021875 0.028
1 0.5006249999999987 0.5075800000000001 0.1140625 0.052559999999999996
1 0.6749999999999983 0.10044000000000185 0.146875 0.06767999999999999
1 0.2453125 0.82096 0.134375 0.061919999999999996
1 0.5385937500000006 0.28151999999999516 0.0734375 0.033839999999999995
1 0.6006249999999993 0.3030600000000027 0.1265625 0.05832
1 0.8881250000000052 0.7932800000000039 0.10625 0.048960000000000004
1 0.1046875 0.55496 0.134375 0.061919999999999996
