0 0.76796875 0.5614000000000008 0.021875 0.028
0 0.32734375 0.301 0.015625 0.02
0 0.794140625 0.4725 0.0390625 0.05
0 0.81640625 0.3977999999999995 0.040625 0.052
0 0.13359375 0.29700000000000004 0.034375 0.044
0 0.80859375 0.07699999999999997 0.021875 0.028
1 0.5059374999999986 0.5109800000000001 0.1140625 0.052559999999999996
1 0.6818749999999982 0.10484000000000185 0.146875 0.06767999999999999
1 0.2515625 0.82496 0.134375 0.061919999999999996
1 0.5420312500000006 0.2793199999999951 0.0734375 0.033839999999999995
1 0.5946874999999994 0.3068600000000027 0.1265625 0.05832
1 0.8931250000000052 0.7964800000000039 0.10625 0.048960000000000004
1 0.1109375 0.55896 0.134375 0.061919999999999996
