0 0.77109375 0.5670000000000007 0.021875 0.028
0 0.33046875 0.305 0.015625 0.02
0 0.791015625 0.4825 0.0390625 0.05
0 0.81953125 0.40819999999999945 0.040625 0.052
0 0.13046875 0.3058 0.034375 0.044
0 0.81171875 0.08259999999999997 0.021875 0.028
1 0.5112499999999985 0.5143800000000001 0.1140625 0.052559999999999996
1 0.6887499999999982 0.10924000000000186 0.146875 0.06767999999999999
1 0.2578125 0.82896 0.134375 0.061919999999999996
1 0.5454687500000007 0.27711999999999504 0.0734375 0.033839999999999995
1 0.5887499999999994 0.31066000000000266 0.1265625 0.05832
1 0.8981250000000053 0.7996800000000039 0.10625 0.048960000000000004
1 0.1171875 0.56296 0.134375 0.061919999999999996
