0 0.77421875 0.5726000000000006 0.021875 0.028
0 0.33359375 0.309 0.015625 0.02
0 0.791015625 0.4925 0.0390625 0.05
0 0.82265625 0.4185999999999995 0.040625 0.052
0 0.12734375 0.3146 0.034375 0.044
0 0.81484375 0.08819999999999996 0.021875 0.028
1 0.5165624999999985 0.5177800000000001 0.1140625 0.052559999999999996
1 0.6956249999999982 0.11364000000000186 0.146875 0.06767999999999999
1 0.2640625 0.83296 0.134375 0.061919999999999996
1 0.5489062500000008 0.274919999999995 0.0734375 0.033839999999999995
1 0.5828124999999995 0.31446000000000257 0.1265625 0.05832
1 0.9031250000000053 0.8028800000000039 0.10625 0.048960000000000004
1 0.1234375 0.56696 0.134375 0.061919999999999996
