0 0.77421875 0.5782000000000005 0.021875 0.028
0 0.33671875 0.313 0.015625 0.02
0 0.794140625 0.5025 0.0390625 0.05
0 0.82578125 0.42899999999999944 0.040625 0.052
0 0.12421875 0.3233999999999999 0.034375 0.044
0 0.81796875 0.09379999999999995 0.021875 0.028
1 0.5218749999999985 0.5211800000000001 0.1140625 0.052559999999999996
1 0.7024999999999981 0.11804000000000187 0.146875 0.06767999999999999
1 0.2703125 0.83696 0.134375 0.061919999999999996
1 0.5523437500000009 0.27271999999999497 0.0734375 0.033839999999999995
1 0.5768749999999996 0.31826000000000254 0.1265625 0.05832
1 0.9081250000000054 0.806080000000004 0.10625 0.048960000000000004
1 0.1296875 0.57096 0.134375 0.061919999999999996
