0 0.77109375 0.5838000000000004 0.021875 0.028
0 0.33671875 0.317 0.015625 0.02
0 0.797265625 0.5125 0.0390625 0.05
0 0.82890625 0.4393999999999994 0.040625 0.052
0 0.12734375 0.3321999999999999 0.034375 0.044
0 0.82109375 0.09939999999999995 0.021875 0.028
1 0.5271874999999985 0.52458 0.1140625 0.052559999999999996
1 0.7093749999999981 0.12244000000000187 0.146875 0.06767999999999999
1 0.2765625 0.84096 0.134375 0.061919999999999996
1 0.555781250000001 0.270519999999995 0.0734375 0.033839999999999995
1 0.5709374999999997 0.3220600000000025 0.1265625 0.05832
1 0.9131250000000055 0.8092800000000041 0.10625 0.048960000000000004
1 0.1359375 0.57496 0.134375 0.061919999999999996
