0 0.76796875 0.5894000000000004 0.021875 0.028
0 0.33359375 0.321 0.015625 0.02
0 0.800390625 0.5225 0.0390625 0.05
0 0.82890625 0.44979999999999937 0.040625 0.052
0 0.13046875 0.3409999999999998 0.034375 0.044
0 0.82421875 0.10499999999999994 0.021875 0.028
1 0.5324999999999984 0.52798 0.1140625 0.052559999999999996
1 0.716249999999998 0.12684000000000187 0.146875 0.06767999999999999
1 0.2828125 0.84496 0.134375 0.061919999999999996
1 0.559218750000001 0.268319999999995 0.0734375 0.033839999999999995
1 0.5649999999999997 0.3258600000000025 0.1265625 0.05832
1 0.9181250000000055 0.8124800000000041 0.10625 0.048960000000000004
1 0.1421875 0.57896 0.134375 0.061919999999999996
