0 0.76484375 0.5950000000000002 0.021875 0.028
0 0.33046875 0.325 0.015625 0.02
0 0.803515625 0.5325 0.0390625 0.05
0 0.82578125 0.4601999999999994 0.040625 0.052
0 0.13359375 0.3497999999999998 0.034375 0.044
0 0.82109375 0.11059999999999993 0.021875 0.028
1 0.5378124999999984 0.53138 0.1140625 0.052559999999999996
1 0.723124999999998 0.13124000000000188 0.146875 0.06767999999999999
1 0.2890625 0.84896 0.134375 0.061919999999999996
1 0.5626562500000011 0.266119999999995 0.0734375 0.033839999999999995
1 0.5590624999999998 0.3296600000000024 0.1265625 0.05832
1 0.9231250000000056 0.8156800000000042 0.10625 0.048960000000000004
1 0.1484375 0.58296 0.134375 0.061919999999999996
