0 0.76171875 0.6006000000000001 0.021875 0.028
0 0.32734375 0.329 0.015625 0.02
0 0.806640625 0.5425 0.0390625 0.05
0 0.82265625 0.47059999999999935 0.040625 0.052
0 0.13671875 0.35859999999999975 0.034375 0.044
0 0.81796875 0.11619999999999993 0.021875 0.028
1 0.5431249999999983 0.5347799999999999 0.1140625 0.052559999999999996
1 0.729999999999998 0.1356400000000019 0.146875 0.06767999999999999
1 0.2953125 0.85296 0.134375 0.061919999999999996
1 0.5660937500000012 0.263919999999995 0.0734375 0.033839999999999995
1 0.5531249999999999 0.33346000000000237 0.1265625 0.05832
1 0.9281250000000056 0.8188800000000042 0.10625 0.048960000000000004
1 0.1546875 0.58696 0.134375 0.061919999999999996
