0 0.75859375 0.6062000000000001 0.021875 0.028
0 0.32421875 0.333 0.015625 0.02
0 0.806640625 0.5525 0.0390625 0.05
0 0.81953125 0.4809999999999993 0.040625 0.052
0 0.13984375 0.36739999999999967 0.034375 0.044
0 0.81484375 0.12179999999999992 0.021875 0.028
1 0.5484374999999984 0.53818 0.1140625 0.052559999999999996
1 0.736874999999998 0.14004000000000189 0.146875 0.06767999999999999
1 0.3015625 0.85696 0.134375 0.061919999999999996
1 0.5695312500000013 0.261719999999995 0.0734375 0.033839999999999995
1 0.5471874999999999 0.33726000000000234 0.1265625 0.05832
1 0.9331250000000058 0.8220800000000043 0.10625 0.048960000000000004
1 0.1609375 0.59096 0.134375 0.061919999999999996
