0 0.75859375 0.6117999999999999 0.021875 0.028
0 0.32109375 0.337 0.015625 0.02
0 0.803515625 0.5625 0.0390625 0.05
0 0.81640625 0.4913999999999993 0.040625 0.052
0 0.14296875 0.37619999999999965 0.034375 0.044
1 0.5537499999999983 0.54158 0.1140625 0.052559999999999996
1 0.7437499999999979 0.1444400000000019 0.146875 0.06767999999999999
1 0.3078125 0.8609600000000001 0.134375 0.061919999999999996
1 0.5729687500000014 0.25951999999999503 0.0734375 0.033839999999999995
1 0.54125 0.34106000000000225 0.1265625 0.05832
1 0.9381250000000059 0.8252800000000043 0.10625 0.048960000000000004
1 0.1671875 0.59496 0.134375 0.061919999999999996
