0 0.76171875 0.6173999999999998 0.021875 0.028
0 0.32109375 0.341 0.015625 0.02
0 0.800390625 0.5725 0.0390625 0.05
0 0.81328125 0.5017999999999992 0.040625 0.052
0 0.13984375 0.3849999999999996 0.034375 0.044
1 0.5590624999999982 0.54498 0.1140625 0.052559999999999996
1 0.7506249999999979 0.14884000000000192 0.146875 0.06767999999999999
1 0.3140625 0.85696 0.134375 0.061919999999999996
1 0.5764062500000013 0.25731999999999505 0.0734375 0.033839999999999995
1 0.5353125000000001 0.3448600000000022 0.1265625 0.05832
1 0.9431250000000059 0.8284800000000043 0.10625 0.048960000000000004
1 0.1734375 0.59896 0.134375 0.061919999999999996
