0 0.76796875 0.6285999999999997 0.021875 0.028
0 0.32734375 0.349 0.015625 0.02
0 0.794140625 0.5925 0.0390625 0.05
0 0.81640625 0.5225999999999992 0.040625 0.052
0 0.13359375 0.4025999999999995 0.034375 0.044
1 0.5696874999999981 0.5517800000000002 0.1140625 0.052559999999999996
1 0.7643749999999978 0.15764000000000192 0.146875 0.06767999999999999
1 0.3265625 0.84896 0.134375 0.061919999999999996
1 0.5832812500000015 0.2529199999999951 0.0734375 0.033839999999999995
1 0.5234375000000002 0.35246000000000216 0.1265625 0.05832
1 0.9431250000000059 0.8348800000000044 0.10625 0.048960000000000004
1 0.1859375 0.60696 0.134375 0.061919999999999996
