0 0.77109375 0.6341999999999995 0.021875 0.028
0 0.33046875 0.353 0.015625 0.02
0 0.791015625 0.6025 0.0390625 0.05
0 0.81953125 0.5329999999999994 0.040625 0.052
0 0.13046875 0.4113999999999995 0.034375 0.044
1 0.5749999999999982 0.5551800000000003 0.1140625 0.052559999999999996
1 0.7712499999999978 0.16204000000000193 0.146875 0.06767999999999999
1 0.3328125 0.84496 0.134375 0.061919999999999996
1 0.5867187500000016 0.25071999999999506 0.0734375 0.033839999999999995
1 0.5175000000000003 0.3562600000000021 0.1265625 0.05832
1 0.9381250000000059 0.8380800000000045 0.10625 0.048960000000000004
1 0.1921875 0.6109600000000001 0.134375 0.061919999999999996
