0 0.77421875 0.6397999999999995 0.021875 0.028
0 0.33359375 0.357 0.015625 0.02
0 0.791015625 0.6125 0.0390625 0.05
0 0.82265625 0.5433999999999994 0.040625 0.052
0 0.12734375 0.4201999999999994 0.034375 0.044
1 0.5803124999999981 0.5585800000000004 0.1140625 0.052559999999999996
1 0.7781249999999977 0.1664400000000019 0.146875 0.06767999999999999
1 0.3390625 0.84096 0.134375 0.061919999999999996
1 0.5901562500000017 0.2485199999999951 0.0734375 0.033839999999999995
1 0.5115625000000004 0.36006000000000205 0.1265625 0.05832
1 0.9331250000000058 0.8412800000000045 0.10625 0.048960000000000004
1 0.1984375 0.6149600000000001 0.134375 0.061919999999999996
