0 0.77421875 0.6453999999999994 0.021875 0.028
0 0.33671875 0.361 0.015625 0.02
0 0.794140625 0.6225 0.0390625 0.05
0 0.82578125 0.5537999999999995 0.040625 0.052
0 0.12421875 0.4289999999999994 0.034375 0.044
1 0.5856249999999981 0.5619800000000005 0.1140625 0.052559999999999996
1 0.7849999999999977 0.17084000000000188 0.146875 0.06767999999999999
1 0.3453125 0.83696 0.134375 0.061919999999999996
1 0.5935937500000017 0.2463199999999951 0.0734375 0.033839999999999995
1 0.5056250000000004 0.363860000000002 0.1265625 0.05832
1 0.9281250000000056 0.8444800000000046 0.10625 0.048960000000000004
1 0.2046875 0.6189600000000001 0.134375 0.061919999999999996
