0 0.77109375 0.6509999999999994 0.021875 0.028
0 0.33671875 0.365 0.015625 0.02
0 0.797265625 0.6325 0.0390625 0.05
0 0.82890625 0.5641999999999996 0.040625 0.052
0 0.12734375 0.43779999999999936 0.034375 0.044
1 0.590937499999998 0.5653800000000005 0.1140625 0.052559999999999996
1 0.7918749999999977 0.17524000000000187 0.146875 0.06767999999999999
1 0.3515625 0.83296 0.134375 0.061919999999999996
1 0.5970312500000018 0.24411999999999512 0.0734375 0.033839999999999995
1 0.49968750000000045 0.367660000000002 0.1265625 0.05832
1 0.9231250000000056 0.8476800000000047 0.10625 0.048960000000000004
1 0.2109375 0.6229600000000001 0.134375 0.061919999999999996
