0 0.76796875 0.6565999999999992 0.021875 0.028
0 0.33359375 0.369 0.015625 0.02
0 0.800390625 0.6425 0.0390625 0.05
0 0.82890625 0.5745999999999997 0.040625 0.052
0 0.13046875 0.4465999999999993 0.034375 0.044
1 0.596249999999998 0.5687800000000006 0.1140625 0.052559999999999996
1 0.7987499999999976 0.17964000000000183 0.146875 0.06767999999999999
1 0.3578125 0.82896 0.134375 0.061919999999999996
1 0.6004687500000019 0.24191999999999514 0.0734375 0.033839999999999995
1 0.4937500000000005 0.3714600000000019 0.1265625 0.05832
1 0.9181250000000055 0.8508800000000046 0.10625 0.048960000000000004
1 0.2171875 0.6269600000000001 0.134375 0.061919999999999996
