0 0.76484375 0.6621999999999991 0.021875 0.028
0 0.33046875 0.373 0.015625 0.02
0 0.803515625 0.6525 0.0390625 0.05
0 0.82578125 0.5849999999999997 0.040625 0.052
0 0.13359375 0.45539999999999925 0.034375 0.044
1 0.601562499999998 0.5721800000000008 0.1140625 0.052559999999999996
1 0.8056249999999976 0.1840400000000018 0.146875 0.06767999999999999
1 0.3640625 0.82496 0.134375 0.061919999999999996
1 0.603906250000002 0.23971999999999513 0.0734375 0.033839999999999995
1 0.4878125000000006 0.37526000000000187 0.1265625 0.05832
1 0.9131250000000055 0.8540800000000047 0.10625 0.048960000000000004
1 0.2234375 0.6309600000000001 0.134375 0.061919999999999996
