0 0.76171875 0.6677999999999991 0.021875 0.028
0 0.32734375 0.377 0.015625 0.02
0 0.806640625 0.6625 0.0390625 0.05
0 0.82265625 0.5953999999999998 0.040625 0.052
0 0.13671875 0.46419999999999917 0.034375 0.044
1 0.6068749999999979 0.5755800000000009 0.1140625 0.052559999999999996
1 0.8124999999999976 0.1884400000000018 0.146875 0.06767999999999999
1 0.3703125 0.82096 0.134375 0.061919999999999996
1 0.6073437500000021 0.23751999999999515 0.0734375 0.033839999999999995
1 0.48187500000000066 0.37906000000000184 0.1265625 0.05832
1 0.9081250000000054 0.8572800000000047 0.10625 0.048960000000000004
1 0.2296875 0.6349600000000001 0.134375 0.061919999999999996
