0 0.75859375 0.673399999999999 0.021875 0.028
0 0.32421875 0.381 0.015625 0.02
0 0.806640625 0.6725 0.0390625 0.05
0 0.81953125 0.6058 0.040625 0.052
0 0.13984375 0.47299999999999914 0.034375 0.044
1 0.6121874999999979 0.5789800000000009 0.1140625 0.052559999999999996
1 0.8193749999999975 0.19284000000000176 0.146875 0.06767999999999999
1 0.3765625 0.81696 0.134375 0.061919999999999996
1 0.610781250000002 0.23531999999999517 0.0734375 0.033839999999999995
1 0.47593750000000073 0.38286000000000175 0.1265625 0.05832
1 0.9031250000000053 0.8604800000000048 0.10625 0.048960000000000004
1 0.2359375 0.6389600000000001 0.134375 0.061919999999999996
