0 0.75859375 0.6789999999999988 0.021875 0.028
0 0.32109375 0.385 0.015625 0.02
0 0.803515625 0.6825 0.0390625 0.05
0 0.81640625 0.6162000000000001 0.040625 0.052
0 0.14296875 0.4817999999999991 0.034375 0.044
1 0.6174999999999978 0.582380000000001 0.1140625 0.052559999999999996
1 0.8262499999999975 0.19724000000000175 0.146875 0.06767999999999999
1 0.3828125 0.81296 0.134375 0.061919999999999996
1 0.6142187500000021 0.23311999999999516 0.0734375 0.033839999999999995
1 0.4700000000000008 0.3866600000000017 0.1265625 0.05832
1 0.8981250000000053 0.8636800000000049 0.10625 0.048960000000000004
1 0.2421875 0.6429600000000001 0.134375 0.061919999999999996
