0 0.76171875 0.6845999999999988 0.021875 0.028
0 0.32109375 0.389 0.015625 0.02
0 0.800390625 0.6925 0.0390625 0.05
0 0.81328125 0.6266000000000002 0.040625 0.052
0 0.13984375 0.49059999999999904 0.034375 0.044
1 0.6228124999999978 0.5857800000000011 0.1140625 0.052559999999999996
1 0.8331249999999975 0.2016400000000017 0.146875 0.06767999999999999
1 0.3890625 0.80896 0.134375 0.061919999999999996
1 0.6176562500000022 0.23091999999999518 0.0734375 0.033839999999999995
1 0.4640625000000009 0.3904600000000017 0.1265625 0.05832
1 0.8931250000000052 0.8604800000000048 0.10625 0.048960000000000004
1 0.2484375 0.6469600000000001 0.134375 0.061919999999999996
