0 0.76484375 0.6901999999999987 0.021875 0.028
0 0.32421875 0.393 0.015625 0.02
0 0.797265625 0.7025 0.0390625 0.05
0 0.81328125 0.6370000000000002 0.040625 0.052
0 0.13671875 0.499399999999999 0.034375 0.044
1 0.6281249999999978 0.5891800000000011 0.1140625 0.052559999999999996
1 0.8399999999999974 0.2060400000000017 0.146875 0.06767999999999999
1 0.3953125 0.80496 0.134375 0.061919999999999996
1 0.6210937500000023 0.2287199999999952 0.0734375 0.033839999999999995
1 0.4581250000000009 0.39426000000000166 0.1265625 0.05832
1 0.8881250000000052 0.8572800000000047 0.10625 0.048960000000000004
1 0.2546875 0.65096 0.134375 0.061919999999999996
