0 0.76796875 0.6957999999999986 0.021875 0.028
0 0.32734375 0.397 0.015625 0.02
0 0.794140625 0.7125 0.0390625 0.05
0 0.81640625 0.6474000000000003 0.040625 0.052
0 0.13359375 0.508199999999999 0.034375 0.044
1 0.6334374999999978 0.5925800000000013 0.1140625 0.052559999999999996
1 0.8468749999999974 0.21044000000000168 0.146875 0.06767999999999999
1 0.4015625 0.80096 0.134375 0.061919999999999996
1 0.6245312500000024 0.2265199999999952 0.0734375 0.033839999999999995
1 0.45218750000000085 0.3980600000000016 0.1265625 0.05832
1 0.883125000000005 0.8540800000000047 0.10625 0.048960000000000004
1 0.2609375 0.65496 0.134375 0.061919999999999996
