0 0.77109375 0.7013999999999985 0.021875 0.028
0 0.33046875 0.401 0.015625 0.02
0 0.791015625 0.7225 0.0390625 0.05
0 0.81953125 0.6578000000000004 0.040625 0.052
0 0.13046875 0.5169999999999989 0.034375 0.044
1 0.6387499999999977 0.5959800000000014 0.1140625 0.052559999999999996
1 0.8537499999999973 0.21484000000000164 0.146875 0.06767999999999999
1 0.4078125 0.79696 0.134375 0.061919999999999996
1 0.6279687500000024 0.22431999999999522 0.0734375 0.033839999999999995
1 0.4462500000000008 0.40186000000000155 0.1265625 0.05832
1 0.8781250000000049 0.8508800000000046 0.10625 0.048960000000000004
1 0.2671875 0.65896 0.134375 0.061919999999999996
