0 0.77421875 0.7069999999999984 0.021875 0.028
0 0.33359375 0.405 0.015625 0.02
0 0.791015625 0.7325 0.0390625 0.05
0 0.82265625 0.6682000000000005 0.040625 0.052
0 0.12734375 0.5257999999999989 0.034375 0.044
1 0.6440624999999977 0.5993800000000015 0.1140625 0.052559999999999996
1 0.8606249999999973 0.21924000000000163 0.146875 0.06767999999999999
1 0.4140625 0.79296 0.134375 0.061919999999999996
1 0.6314062500000025 0.22211999999999524 0.0734375 0.033839999999999995
1 0.44031250000000083 0.4056600000000015 0.1265625 0.05832
1 0.8731250000000049 0.8476800000000047 0.10625 0.048960000000000004
1 0.2734375 0.66296 0.134375 0.061919999999999996
