0 0.77421875 0.7125999999999983 0.021875 0.028
0 0.33671875 0.409 0.015625 0.02
0 0.794140625 0.7425 0.0390625 0.05
0 0.82578125 0.6786000000000005 0.040625 0.052
0 0.12421875 0.5345999999999989 0.034375 0.044
1 0.6493749999999976 0.6027800000000015 0.1140625 0.052559999999999996
1 0.8674999999999973 0.22364000000000162 0.146875 0.06767999999999999
1 0.4203125 0.78896 0.134375 0.061919999999999996
1 0.6348437500000026 0.21991999999999523 0.0734375 0.033839999999999995
1 0.4343750000000008 0.40946000000000143 0.1265625 0.05832
1 0.8681250000000048 0.8444800000000046 0.10625 0.048960000000000004
1 0.2796875 0.66696 0.134375 0.061919999999999996
