0 0.77109375 0.7181999999999982 0.021875 0.028
0 0.33671875 0.413 0.015625 0.02
0 0.797265625 0.7525 0.0390625 0.05
0 0.82890625 0.6890000000000007 0.040625 0.052
0 0.12734375 0.5433999999999989 0.034375 0.044
1 0.6546874999999976 0.6061800000000016 0.1140625 0.052559999999999996
1 0.8743749999999972 0.22804000000000157 0.146875 0.06767999999999999
1 0.4265625 0.78496 0.134375 0.061919999999999996
1 0.6382812500000027 0.21771999999999525 0.0734375 0.033839999999999995
1 0.4284375000000008 0.4132600000000014 0.1265625 0.05832
1 0.8631250000000048 0.8412800000000045 0.10625 0.048960000000000004
1 0.2859375 0.67096 0.134375 0.061919999999999996
