0 0.76796875 0.7237999999999981 0.021875 0.028
0 0.33359375 0.417 0.015625 0.02
0 0.800390625 0.7625 0.0390625 0.05
0 0.82890625 0.6994000000000008 0.040625 0.052
0 0.13046875 0.5521999999999988 0.034375 0.044
0 0.672265625 0.011699999999999999 0.0203125 0.026
1 0.6599999999999976 0.6095800000000018 0.1140625 0.052559999999999996
1 0.8812499999999973 0.23244000000000156 0.146875 0.06767999999999999
1 0.4328125 0.78096 0.134375 0.061919999999999996
1 0.6417187500000028 0.21551999999999527 0.0734375 0.033839999999999995
1 0.42250000000000076 0.4170600000000014 0.1265625 0.05832
1 0.8581250000000047 0.8380800000000045 0.10625 0.048960000000000004
1 0.2921875 0.67496 0.134375 0.061919999999999996
