0 0.76484375 0.729399999999998 0.021875 0.028
0 0.33046875 0.421 0.015625 0.02
0 0.803515625 0.7725 0.0390625 0.05
0 0.82578125 0.7098000000000009 0.040625 0.052
0 0.13359375 0.5609999999999987 0.034375 0.044
0 0.675390625 0.0169 0.0203125 0.026
1 0.6653124999999975 0.6129800000000019 0.1140625 0.052559999999999996
1 0.8881249999999975 0.23684000000000155 0.146875 0.06767999999999999
1 0.4390625 0.77696 0.134375 0.061919999999999996
1 0.6451562500000028 0.21331999999999526 0.0734375 0.033839999999999995
1 0.4165625000000007 0.42086000000000134 0.1265625 0.05832
1 0.8531250000000046 0.8348800000000044 0.10625 0.048960000000000004
1 0.2984375 0.67896 0.134375 0.061919999999999996
