0 0.76171875 0.734999999999998 0.021875 0.028
0 0.32734375 0.425 0.015625 0.02
0 0.806640625 0.7825 0.0390625 0.05
0 0.82265625 0.720200000000001 0.040625 0.052
0 0.13671875 0.5697999999999988 0.034375 0.044
0 0.81796875 0.2506000000000004 0.021875 0.028
0 0.678515625 0.0221 0.0203125 0.026
1 0.6706249999999975 0.6163800000000019 0.1140625 0.052559999999999996
1 0.8949999999999976 0.2412400000000015 0.146875 0.06767999999999999
1 0.4453125 0.7729600000000001 0.134375 0.061919999999999996
1 0.6485937500000029 0.21111999999999528 0.0734375 0.033839999999999995
1 0.41062500000000074 0.42466000000000126 0.1265625 0.05832
1 0.8481250000000046 0.8316800000000044 0.10625 0.048960000000000004
1 0.3046875 0.68296 0.134375 0.061919999999999996
