0 0.75859375 0.7405999999999978 0.021875 0.028
0 0.32421875 0.429 0.015625 0.02
0 0.806640625 0.7925 0.0390625 0.05
0 0.81953125 0.730600000000001 0.040625 0.052
0 0.13984375 0.5785999999999987 0.034375 0.044
0 0.81484375 0.25620000000000037 0.021875 0.028
0 0.681640625 0.0273 0.0203125 0.026
1 0.6759374999999974 0.619780000000002 0.1140625 0.052559999999999996
1 0.9018749999999978 0.2456400000000015 0.146875 0.06767999999999999
1 0.4515625 0.7689600000000001 0.134375 0.061919999999999996
1 0.652031250000003 0.2089199999999953 0.0734375 0.033839999999999995
1 0.4046875000000007 0.42846000000000123 0.1265625 0.05832
1 0.8431250000000045 0.8284800000000043 0.10625 0.048960000000000004
1 0.3109375 0.68696 0.134375 0.061919999999999996
