0 0.75859375 0.7461999999999978 0.021875 0.028
0 0.32109375 0.433 0.015625 0.02
0 0.803515625 0.8025 0.0390625 0.05
0 0.81640625 0.7410000000000011 0.040625 0.052
0 0.14296875 0.5873999999999986 0.034375 0.044
0 0.81171875 0.2618000000000004 0.021875 0.028
0 0.684765625 0.0325 0.0203125 0.026
1 0.6812499999999975 0.6231800000000021 0.1140625 0.052559999999999996
1 0.908749999999998 0.2500400000000015 0.146875 0.06767999999999999
1 0.4578125 0.7649600000000001 0.134375 0.061919999999999996
1 0.655468750000003 0.2067199999999953 0.0734375 0.033839999999999995
1 0.3987500000000007 0.4322600000000012 0.1265625 0.05832
1 0.8381250000000044 0.8252800000000043 0.10625 0.048960000000000004
1 0.3171875 0.69096 0.134375 0.061919999999999996
