0 0.76171875 0.7517999999999977 0.021875 0.028
0 0.32109375 0.437 0.015625 0.02
0 0.800390625 0.8125 0.0390625 0.05
0 0.81328125 0.7514000000000012 0.040625 0.052
0 0.13984375 0.5961999999999986 0.034375 0.044
0 0.80859375 0.2674000000000004 0.021875 0.028
0 0.684765625 0.037700000000000004 0.0203125 0.026
1 0.6865624999999974 0.6265800000000022 0.1140625 0.052559999999999996
1 0.915624999999998 0.25444000000000144 0.146875 0.06767999999999999
1 0.4640625 0.7609600000000001 0.134375 0.061919999999999996
1 0.6589062500000031 0.20451999999999532 0.0734375 0.033839999999999995
1 0.3928125000000007 0.4360600000000011 0.1265625 0.05832
1 0.8331250000000043 0.8220800000000043 0.10625 0.048960000000000004
1 0.3234375 0.69496 0.134375 0.061919999999999996
