0 0.76484375 0.7573999999999976 0.021875 0.028
0 0.32421875 0.441 0.015625 0.02
0 0.797265625 0.8225 0.0390625 0.05
0 0.81328125 0.7618000000000014 0.040625 0.052
0 0.13671875 0.6049999999999985 0.034375 0.044
0 0.80546875 0.27300000000000046 0.021875 0.028
0 0.681640625 0.04290000000000001 0.0203125 0.026
1 0.6918749999999974 0.6299800000000023 0.1140625 0.052559999999999996
1 0.9224999999999982 0.2588400000000014 0.146875 0.06767999999999999
1 0.4703125 0.7569600000000001 0.134375 0.061919999999999996
1 0.6623437500000031 0.20231999999999534 0.0734375 0.033839999999999995
1 0.38687500000000064 0.4398600000000011 0.1265625 0.05832
1 0.8281250000000042 0.8188800000000042 0.10625 0.048960000000000004
1 0.3296875 0.69896 0.134375 0.061919999999999996
