0 0.76796875 0.7629999999999975 0.021875 0.028
0 0.794140625 0.8325 0.0390625 0.05
0 0.81640625 0.7722000000000014 0.040625 0.052
0 0.13359375 0.6137999999999985 0.034375 0.044
0 0.80859375 0.27860000000000046 0.021875 0.028
0 0.678515625 0.04810000000000001 0.0203125 0.026
1 0.6971874999999973 0.6333800000000024 0.1140625 0.052559999999999996
1 0.9293749999999983 0.26324000000000136 0.146875 0.06767999999999999
1 0.4765625 0.7529600000000001 0.134375 0.061919999999999996
1 0.6657812500000032 0.20011999999999536 0.0734375 0.033839999999999995
1 0.38093750000000065 0.44366000000000105 0.1265625 0.05832
1 0.8231250000000042 0.8156800000000042 0.10625 0.048960000000000004
1 0.3359375 0.70296 0.134375 0.061919999999999996
