0 0.77109375 0.7685999999999974 0.021875 0.028
0 0.791015625 0.8425 0.0390625 0.05
0 0.81953125 0.7826000000000015 0.040625 0.052
0 0.13046875 0.6225999999999984 0.034375 0.044
0 0.81171875 0.2842000000000005 0.021875 0.028
0 0.675390625 0.053300000000000014 0.0203125 0.026
1 0.7024999999999972 0.6367800000000025 0.1140625 0.052559999999999996
1 0.9362499999999985 0.2676400000000014 0.146875 0.06767999999999999
1 0.4828125 0.7489600000000001 0.134375 0.061919999999999996
1 0.6692187500000033 0.19791999999999535 0.0734375 0.033839999999999995
1 0.3750000000000006 0.447460000000001 0.1265625 0.05832
1 0.8181250000000041 0.8124800000000041 0.10625 0.048960000000000004
1 0.3421875 0.70696 0.134375 0.061919999999999996
