0 0.77421875 0.7741999999999973 0.021875 0.028
0 0.791015625 0.8525 0.0390625 0.05
0 0.82265625 0.7930000000000016 0.040625 0.052
0 0.12734375 0.6313999999999984 0.034375 0.044
0 0.81484375 0.2898000000000005 0.021875 0.028
0 0.672265625 0.05850000000000002 0.0203125 0.026
1 0.7078124999999973 0.6401800000000025 0.1140625 0.052559999999999996
1 0.9431249999999987 0.27204000000000134 0.146875 0.06767999999999999
1 0.4890625 0.7449600000000001 0.134375 0.061919999999999996
1 0.6726562500000034 0.19571999999999537 0.0734375 0.033839999999999995
1 0.3690625000000006 0.45126000000000094 0.1265625 0.05832
1 0.8131250000000041 0.8092800000000041 0.10625 0.048960000000000004
1 0.3484375 0.71096 0.134375 0.061919999999999996
