0 0.77421875 0.7797999999999973 0.021875 0.028
0 0.794140625 0.8625 0.0390625 0.05
0 0.82578125 0.8034000000000017 0.040625 0.052
0 0.12421875 0.6401999999999983 0.034375 0.044
0 0.81796875 0.29540000000000055 0.021875 0.028
0 0.669140625 0.06370000000000002 0.0203125 0.026
1 0.7131249999999972 0.6435800000000027 0.1140625 0.052559999999999996
1 0.9499999999999987 0.2764400000000013 0.146875 0.06767999999999999
1 0.4953125 0.7409600000000001 0.134375 0.061919999999999996
1 0.6760937500000035 0.1935199999999954 0.0734375 0.033839999999999995
1 0.3631250000000006 0.4550600000000009 0.1265625 0.05832
1 0.808125000000004 0.806080000000004 0.10625 0.048960000000000004
1 0.3546875 0.71496 0.134375 0.061919999999999996
