0 0.797265625 0.8725 0.0390625 0.05
0 0.82890625 0.8138000000000017 0.040625 0.052
0 0.12734375 0.6489999999999982 0.034375 0.044
0 0.82109375 0.30100000000000054 0.021875 0.028
0 0.669140625 0.06890000000000002 0.0203125 0.026
1 0.7184374999999972 0.6469800000000028 0.1140625 0.052559999999999996
1 0.9568749999999989 0.28084000000000126 0.146875 0.06767999999999999
1 0.5015625 0.7369600000000001 0.134375 0.061919999999999996
1 0.6795312500000035 0.19131999999999538 0.0734375 0.033839999999999995
1 0.35718750000000055 0.4588600000000009 0.1265625 0.05832
1 0.8031250000000039 0.8028800000000039 0.10625 0.048960000000000004
1 0.3609375 0.71896 0.134375 0.061919999999999996
