0 0.800390625 0.8825 0.0390625 0.05
0 0.82890625 0.8242000000000018 0.040625 0.052
0 0.13046875 0.6577999999999983 0.034375 0.044
0 0.82421875 0.3066000000000006 0.021875 0.028
0 0.672265625 0.07410000000000001 0.0203125 0.026
1 0.7237499999999971 0.6503800000000028 0.1140625 0.052559999999999996
1 0.963749999999999 0.28524000000000127 0.146875 0.06767999999999999
1 0.5078125 0.7329600000000001 0.134375 0.061919999999999996
1 0.6829687500000036 0.1891199999999954 0.0734375 0.033839999999999995
1 0.35125000000000056 0.46266000000000085 0.1265625 0.05832
1 0.7981250000000039 0.7996800000000039 0.10625 0.048960000000000004
1 0.3671875 0.72296 0.134375 0.061919999999999996
