0 0.803515625 0.8925 0.0390625 0.05
0 0.82578125 0.834600000000002 0.040625 0.052
0 0.13359375 0.6665999999999982 0.034375 0.044
0 0.82109375 0.3122000000000006 0.021875 0.028
0 0.675390625 0.0793 0.0203125 0.026
0 0.1796875 0.0108 0.01875 0.024
1 0.7290624999999971 0.6537800000000029 0.1140625 0.052559999999999996
1 0.9706249999999992 0.28964000000000123 0.146875 0.06767999999999999
1 0.5140625 0.72896 0.134375 0.061919999999999996
1 0.6864062500000037 0.18691999999999542 0.0734375 0.033839999999999995
1 0.3453125000000005 0.46646000000000076 0.1265625 0.05832
1 0.7931250000000037 0.7964800000000039 0.10625 0.048960000000000004
1 0.3734375 0.72696 0.134375 0.061919999999999996
