0 0.806640625 0.9025 0.0390625 0.05
0 0.82265625 0.8450000000000021 0.040625 0.052
0 0.13671875 0.6753999999999981 0.034375 0.044
0 0.81796875 0.31780000000000064 0.021875 0.028
0 0.678515625 0.08449999999999999 0.0203125 0.026
0 0.1828125 0.0156 0.01875 0.024
1 0.7343749999999971 0.657180000000003 0.1140625 0.052559999999999996
1 0.9774999999999994 0.2940400000000012 0.146875 0.06767999999999999
1 0.5203125 0.72496 0.134375 0.061919999999999996
1 0.6898437500000038 0.18471999999999542 0.0734375 0.033839999999999995
1 0.33937500000000054 0.47026000000000073 0.1265625 0.05832
1 0.7881250000000037 0.7932800000000039 0.10625 0.048960000000000004
1 0.3796875 0.73096 0.134375 0.061919999999999996
