0 0.806640625 0.9125 0.0390625 0.05
0 0.81953125 0.8554000000000022 0.040625 0.052
0 0.13984375 0.6841999999999981 0.034375 0.044
0 0.81484375 0.3234000000000007 0.021875 0.028
0 0.681640625 0.08969999999999997 0.0203125 0.026
0 0.1859375 0.020399999999999998 0.01875 0.024
1 0.7396874999999971 0.6605800000000032 0.1140625 0.052559999999999996
1 0.9843749999999994 0.2984400000000012 0.146875 0.06767999999999999
1 0.5265625 0.72096 0.134375 0.061919999999999996
1 0.6932812500000038 0.18251999999999544 0.0734375 0.033839999999999995
1 0.3334375000000005 0.4740600000000007 0.1265625 0.05832
1 0.7831250000000036 0.7900800000000038 0.10625 0.048960000000000004
1 0.3859375 0.7349600000000001 0.134375 0.061919999999999996
