0 0.803515625 0.9225 0.0390625 0.05
0 0.81640625 0.8658000000000022 0.040625 0.052
0 0.14296875 0.6929999999999981 0.034375 0.044
0 0.81171875 0.3290000000000007 0.021875 0.028
0 0.684765625 0.09489999999999996 0.0203125 0.026
0 0.1890625 0.0252 0.01875 0.024
1 0.744999999999997 0.6639800000000032 0.1140625 0.052559999999999996
1 0.9912499999999996 0.30284000000000116 0.146875 0.06767999999999999
1 0.5328125 0.71696 0.134375 0.061919999999999996
1 0.6967187500000038 0.18031999999999546 0.0734375 0.033839999999999995
1 0.32750000000000046 0.4778600000000006 0.1265625 0.05832
1 0.7781250000000035 0.7868800000000038 0.10625 0.048960000000000004
1 0.3921875 0.7389600000000001 0.134375 0.061919999999999996
