0 0.800390625 0.9325 0.0390625 0.05
0 0.81328125 0.8762000000000023 0.040625 0.052
0 0.13984375 0.701799999999998 0.034375 0.044
0 0.80859375 0.33460000000000073 0.021875 0.028
0 0.684765625 0.10009999999999995 0.0203125 0.026
0 0.1921875 0.029999999999999995 0.01875 0.024
1 0.7503124999999969 0.6673800000000033 0.1140625 0.052559999999999996
1 0.9981249999999997 0.3072400000000011 0.146875 0.06767999999999999
1 0.5390625 0.71296 0.134375 0.061919999999999996
1 0.7001562500000039 0.17811999999999545 0.0734375 0.033839999999999995
1 0.3215625000000005 0.4816600000000006 0.1265625 0.05832
1 0.7731250000000035 0.7836800000000037 0.10625 0.048960000000000004
1 0.3984375 0.7429600000000001 0.134375 0.061919999999999996
