0 0.797265625 0.9425 0.0390625 0.05
0 0.81328125 0.8866000000000024 0.040625 0.052
0 0.13671875 0.710599999999998 0.034375 0.044
0 0.80546875 0.3402000000000007 0.021875 0.028
0 0.681640625 0.10529999999999994 0.0203125 0.026
0 0.1921875 0.0348 0.01875 0.024
1 0.7556249999999969 0.6707800000000034 0.1140625 0.052559999999999996
1 1.005 0.31164000000000114 0.146875 0.06767999999999999
1 0.5453125 0.70896 0.134375 0.061919999999999996
1 0.703593750000004 0.17591999999999547 0.0734375 0.033839999999999995
1 0.31562500000000043 0.48546000000000056 0.1265625 0.05832
1 0.7681250000000034 0.7804800000000036 0.10625 0.048960000000000004
1 0.4046875 0.7469600000000001 0.134375 0.061919999999999996
