0 0.794140625 0.9525 0.0390625 0.05
0 0.81640625 0.8970000000000025 0.040625 0.052
0 0.13359375 0.7193999999999979 0.034375 0.044
0 0.80859375 0.3458000000000008 0.021875 0.028
0 0.678515625 0.11049999999999993 0.0203125 0.026
0 0.1890625 0.039599999999999996 0.01875 0.024
0 0.904296875 0.013300000000000001 0.0296875 0.038
1 0.7609374999999969 0.6741800000000034 0.1140625 0.052559999999999996
1 1.011875 0.3160400000000011 0.146875 0.06767999999999999
1 0.5515625 0.70496 0.134375 0.061919999999999996
1 0.7070312500000041 0.1737199999999955 0.0734375 0.033839999999999995
1 0.30968750000000045 0.48926000000000053 0.1265625 0.05832
1 0.7631250000000034 0.7772800000000036 0.10625 0.048960000000000004
1 0.4109375 0.7509600000000001 0.134375 0.061919999999999996
