0 0.791015625 0.9625 0.0390625 0.05
0 0.81953125 0.9074000000000025 0.040625 0.052
0 0.13046875 0.7281999999999978 0.034375 0.044
0 0.81171875 0.35140000000000077 0.021875 0.028
0 0.675390625 0.11569999999999991 0.0203125 0.026
0 0.1859375 0.04439999999999999 0.01875 0.024
0 0.907421875 0.0209 0.0296875 0.038
1 0.7662499999999969 0.6775800000000035 0.1140625 0.052559999999999996
1 1.0187500000000003 0.32044000000000106 0.146875 0.06767999999999999
1 0.5578125 0.70096 0.134375 0.061919999999999996
1 0.7104687500000042 0.17151999999999548 0.0734375 0.033839999999999995
1 0.3037500000000004 0.49306000000000044 0.1265625 0.05832
1 0.7581250000000033 0.7740800000000035 0.10625 0.048960000000000004
1 0.4171875 0.7549600000000001 0.134375 0.061919999999999996
