0 0.791015625 0.9725 0.0390625 0.05
0 0.82265625 0.9178000000000027 0.040625 0.052
0 0.12734375 0.7369999999999979 0.034375 0.044
0 0.81484375 0.3570000000000008 0.021875 0.028
0 0.672265625 0.12089999999999991 0.0203125 0.026
0 0.1828125 0.04919999999999999 0.01875 0.024
0 0.910546875 0.0285 0.0296875 0.038
1 0.7715624999999968 0.6809800000000037 0.1140625 0.052559999999999996
1 1.0256250000000002 0.3248400000000011 0.146875 0.06767999999999999
1 0.5640625 0.69696 0.134375 0.061919999999999996
1 0.7139062500000042 0.1693199999999955 0.0734375 0.033839999999999995
1 0.29781250000000037 0.4968600000000004 0.1265625 0.05832
1 0.7531250000000032 0.7708800000000036 0.10625 0.048960000000000004
1 0.4234375 0.7589600000000001 0.134375 0.061919999999999996
