0 0.794140625 0.9825 0.0390625 0.05
0 0.82578125 0.9282000000000028 0.040625 0.052
0 0.12421875 0.7457999999999978 0.034375 0.044
0 0.81796875 0.3626000000000008 0.021875 0.028
0 0.669140625 0.1260999999999999 0.0203125 0.026
0 0.1796875 0.053999999999999986 0.01875 0.024
0 0.913671875 0.0361 0.0296875 0.038
1 0.7768749999999968 0.6843800000000038 0.1140625 0.052559999999999996
1 1.0325000000000004 0.32924000000000103 0.146875 0.06767999999999999
1 0.5703125 0.69296 0.134375 0.061919999999999996
1 0.7173437500000043 0.16711999999999552 0.0734375 0.033839999999999995
1 0.2918750000000004 0.5006600000000003 0.1265625 0.05832
1 0.7481250000000031 0.7676800000000035 0.10625 0.048960000000000004
1 0.4296875 0.7629600000000001 0.134375 0.061919999999999996
