0 0.797265625 0.9925 0.0390625 0.05
0 0.82890625 0.9386000000000029 0.040625 0.052
0 0.12734375 0.7545999999999977 0.034375 0.044
0 0.82109375 0.36820000000000086 0.021875 0.028
0 0.669140625 0.1312999999999999 0.0203125 0.026
0 0.1765625 0.058799999999999984 0.01875 0.024
0 0.916796875 0.0437 0.0296875 0.038
1 0.7821874999999967 0.6877800000000038 0.1140625 0.052559999999999996
1 1.0393750000000006 0.333640000000001 0.146875 0.06767999999999999
1 0.5765625 0.68896 0.134375 0.061919999999999996
1 0.7207812500000044 0.16491999999999551 0.0734375 0.033839999999999995
1 0.28593750000000034 0.5044600000000004 0.1265625 0.05832
1 0.743125000000003 0.7644800000000034 0.10625 0.048960000000000004
1 0.4359375 0.7669600000000001 0.134375 0.061919999999999996
