0 0.800390625 1.0025 0.0390625 0.05
0 0.82890625 0.949000000000003 0.040625 0.052
0 0.13046875 0.7633999999999977 0.034375 0.044
0 0.82421875 0.37380000000000085 0.021875 0.028
0 0.672265625 0.1364999999999999 0.0203125 0.026
0 0.1765625 0.06359999999999998 0.01875 0.024
0 0.919921875 0.0513 0.0296875 0.038
1 0.7874999999999968 0.6911800000000039 0.1140625 0.052559999999999996
1 1.0462500000000008 0.338040000000001 0.146875 0.06767999999999999
1 0.5828125 0.68496 0.134375 0.061919999999999996
1 0.7242187500000045 0.16271999999999553 0.0734375 0.033839999999999995
1 0.28000000000000036 0.5082600000000003 0.1265625 0.05832
1 0.738125000000003 0.7612800000000034 0.10625 0.048960000000000004
1 0.4421875 0.7709600000000001 0.134375 0.061919999999999996
