0 0.82578125 0.959400000000003 0.040625 0.052
0 0.13359375 0.7721999999999977 0.034375 0.044
0 0.82109375 0.3794000000000009 0.021875 0.028
0 0.675390625 0.14169999999999988 0.0203125 0.026
0 0.1796875 0.06839999999999997 0.01875 0.024
0 0.916796875 0.058899999999999994 0.0296875 0.038
1 0.7928124999999967 0.694580000000004 0.1140625 0.052559999999999996
1 1.053125000000001 0.34244000000000097 0.146875 0.06767999999999999
1 0.5890625 0.68096 0.134375 0.061919999999999996
1 0.7276562500000046 0.16051999999999556 0.0734375 0.033839999999999995
1 0.2740625000000003 0.5120600000000002 0.1265625 0.05832
1 0.7331250000000029 0.7580800000000033 0.10625 0.048960000000000004
1 0.4484375 0.77496 0.134375 0.061919999999999996
