0 0.82265625 0.9698000000000031 0.040625 0.052
0 0.13671875 0.7809999999999976 0.034375 0.044
0 0.81796875 0.3850000000000009 0.021875 0.028
0 0.678515625 0.14689999999999986 0.0203125 0.026
0 0.1828125 0.07319999999999999 0.01875 0.024
0 0.913671875 0.06649999999999999 0.0296875 0.038
1 0.7981249999999966 0.6979800000000042 0.1140625 0.052559999999999996
1 1.060000000000001 0.3468400000000009 0.146875 0.06767999999999999
1 0.5953125 0.67696 0.134375 0.061919999999999996
1 0.7310937500000045 0.15831999999999555 0.0734375 0.033839999999999995
1 0.2681250000000003 0.5158600000000001 0.1265625 0.05832
1 0.7281250000000028 0.7548800000000033 0.10625 0.048960000000000004
1 0.4546875 0.77896 0.134375 0.061919999999999996
