0 0.81953125 0.9802000000000032 0.040625 0.052
0 0.13984375 0.7897999999999976 0.034375 0.044
0 0.81484375 0.39060000000000095 0.021875 0.028
0 0.681640625 0.15209999999999985 0.0203125 0.026
0 0.1859375 0.078 0.01875 0.024
0 0.910546875 0.07409999999999999 0.0296875 0.038
1 0.8034374999999965 0.7013800000000042 0.1140625 0.052559999999999996
1 1.0668750000000011 0.35124000000000094 0.146875 0.06767999999999999
1 0.6015625 0.67296 0.134375 0.061919999999999996
1 0.7345312500000046 0.15611999999999557 0.0734375 0.033839999999999995
1 0.2621875000000003 0.5196600000000001 0.1265625 0.05832
1 0.7231250000000028 0.7516800000000032 0.10625 0.048960000000000004
1 0.4609375 0.78296 0.134375 0.061919999999999996
