0 0.81640625 0.9906000000000034 0.040625 0.052
0 0.14296875 0.7985999999999975 0.034375 0.044
0 0.81171875 0.39620000000000094 0.021875 0.028
0 0.684765625 0.15729999999999983 0.0203125 0.026
0 0.1890625 0.08280000000000001 0.01875 0.024
0 0.907421875 0.08169999999999998 0.0296875 0.038
1 0.8087499999999966 0.7047800000000043 0.1140625 0.052559999999999996
1 0.6046875 0.67096 0.134375 0.061919999999999996
1 0.7379687500000047 0.1539199999999956 0.0734375 0.033839999999999995
1 0.25625000000000026 0.52346 0.1265625 0.05832
1 0.7181250000000027 0.7484800000000033 0.10625 0.048960000000000004
1 0.4671875 0.78696 0.134375 0.061919999999999996
