0 0.32109375 0.533 0.015625 0.02
0 0.81328125 1.0010000000000034 0.040625 0.052
0 0.13984375 0.8073999999999975 0.034375 0.044
0 0.80859375 0.401800000000001 0.021875 0.028
0 0.684765625 0.16249999999999984 0.0203125 0.026
0 0.1921875 0.08760000000000003 0.01875 0.024
0 0.904296875 0.08929999999999996 0.0296875 0.038
1 0.8140624999999965 0.7081800000000044 0.1140625 0.052559999999999996
1 0.6109375 0.66696 0.134375 0.061919999999999996
1 0.7414062500000048 0.15171999999999558 0.0734375 0.033839999999999995
1 0.25031250000000027 0.52726 0.1265625 0.05832
1 0.7131250000000027 0.7452800000000032 0.10625 0.048960000000000004
1 0.4734375 0.79096 0.134375 0.061919999999999996
