0 0.32421875 0.537 0.015625 0.02
0 0.81328125 1.0114000000000034 0.040625 0.052
0 0.13671875 0.8161999999999975 0.034375 0.044
0 0.80546875 0.407400000000001 0.021875 0.028
0 0.681640625 0.16769999999999982 0.0203125 0.026
0 0.1921875 0.09240000000000004 0.01875 0.024
0 0.901171875 0.09689999999999996 0.0296875 0.038
1 0.8193749999999966 0.7115800000000044 0.1140625 0.052559999999999996
1 0.6171875 0.66296 0.134375 0.061919999999999996
1 0.7448437500000049 0.1495199999999956 0.0734375 0.033839999999999995
1 0.24437500000000023 0.53106 0.1265625 0.05832
1 0.7081250000000026 0.7420800000000031 0.10625 0.048960000000000004
1 0.4796875 0.79496 0.134375 0.061919999999999996
