0 0.32734375 0.541 0.015625 0.02
0 0.13359375 0.8249999999999974 0.034375 0.044
0 0.80859375 0.41300000000000103 0.021875 0.028
0 0.678515625 0.1728999999999998 0.0203125 0.026
0 0.1890625 0.09720000000000005 0.01875 0.024
0 0.904296875 0.10449999999999995 0.0296875 0.038
1 0.8246874999999964 0.7149800000000046 0.1140625 0.052559999999999996
1 0.6234375 0.65896 0.134375 0.061919999999999996
1 0.7482812500000049 0.14731999999999562 0.0734375 0.033839999999999995
1 0.23843750000000022 0.5348599999999999 0.1265625 0.05832
1 0.7031250000000024 0.7388800000000031 0.10625 0.048960000000000004
1 0.4859375 0.79896 0.134375 0.061919999999999996
