0 0.33046875 0.545 0.015625 0.02
0 0.13046875 0.8337999999999973 0.034375 0.044
0 0.81171875 0.418600000000001 0.021875 0.028
0 0.675390625 0.1780999999999998 0.0203125 0.026
0 0.1859375 0.10200000000000006 0.01875 0.024
0 0.907421875 0.11209999999999995 0.0296875 0.038
1 0.8299999999999965 0.7183800000000047 0.1140625 0.052559999999999996
1 0.6296875 0.65496 0.134375 0.061919999999999996
1 0.751718750000005 0.14511999999999564 0.0734375 0.033839999999999995
1 0.2325000000000002 0.5386599999999998 0.1265625 0.05832
1 0.6981250000000024 0.735680000000003 0.10625 0.048960000000000004
1 0.4921875 0.80296 0.134375 0.061919999999999996
