0 0.33359375 0.549 0.015625 0.02
0 0.12734375 0.8425999999999972 0.034375 0.044
0 0.81484375 0.4242000000000011 0.021875 0.028
0 0.672265625 0.1832999999999998 0.0203125 0.026
0 0.1828125 0.10680000000000006 0.01875 0.024
0 0.910546875 0.11969999999999995 0.0296875 0.038
1 0.8353124999999963 0.7217800000000048 0.1140625 0.052559999999999996
1 0.6359375 0.65096 0.134375 0.061919999999999996
1 0.7551562500000051 0.14291999999999563 0.0734375 0.033839999999999995
1 0.22656250000000017 0.5424599999999998 0.1265625 0.05832
1 0.6931250000000023 0.732480000000003 0.10625 0.048960000000000004
1 0.4984375 0.80696 0.134375 0.061919999999999996
