0 0.33671875 0.553 0.015625 0.02
0 0.12421875 0.8513999999999973 0.034375 0.044
0 0.81796875 0.42980000000000107 0.021875 0.028
0 0.669140625 0.18849999999999978 0.0203125 0.026
0 0.1796875 0.11160000000000007 0.01875 0.024
0 0.913671875 0.12729999999999994 0.0296875 0.038
1 0.8406249999999964 0.7251800000000048 0.1140625 0.052559999999999996
1 0.6421875 0.6469600000000001 0.134375 0.061919999999999996
1 0.7585937500000052 0.14071999999999565 0.0734375 0.033839999999999995
1 0.22062500000000015 0.5462599999999997 0.1265625 0.05832
1 0.6881250000000023 0.7292800000000029 0.10625 0.048960000000000004
1 0.5046875 0.81096 0.134375 0.061919999999999996
