0 0.33671875 0.557 0.015625 0.02
0 0.12734375 0.8601999999999972 0.034375 0.044
0 0.82109375 0.4354000000000011 0.021875 0.028
0 0.669140625 0.19369999999999976 0.0203125 0.026
0 0.1765625 0.11640000000000009 0.01875 0.024
0 0.916796875 0.1348999999999999 0.0296875 0.038
1 0.8459374999999962 0.7285800000000049 0.1140625 0.052559999999999996
1 0.6484375 0.6429600000000001 0.134375 0.061919999999999996
1 0.7620312500000053 0.13851999999999567 0.0734375 0.033839999999999995
1 0.21468750000000014 0.5500599999999998 0.1265625 0.05832
1 0.6831250000000022 0.7260800000000028 0.10625 0.048960000000000004
1 0.5109375 0.81496 0.134375 0.061919999999999996
