0 0.33359375 0.561 0.015625 0.02
0 0.13046875 0.8689999999999971 0.034375 0.044
0 0.82421875 0.4410000000000011 0.021875 0.028
0 0.672265625 0.19889999999999974 0.0203125 0.026
0 0.1765625 0.1212000000000001 0.01875 0.024
0 0.919921875 0.14249999999999993 0.0296875 0.038
1 0.8512499999999964 0.7319800000000051 0.1140625 0.052559999999999996
1 0.6546875 0.6389600000000001 0.134375 0.061919999999999996
1 0.7654687500000052 0.13631999999999567 0.0734375 0.033839999999999995
1 0.20875000000000013 0.5538599999999997 0.1265625 0.05832
1 0.6781250000000021 0.7228800000000029 0.10625 0.048960000000000004
1 0.5171875 0.81896 0.134375 0.061919999999999996
