0 0.33046875 0.565 0.015625 0.02
0 0.13359375 0.8777999999999971 0.034375 0.044
0 0.82109375 0.44660000000000116 0.021875 0.028
0 0.675390625 0.20409999999999973 0.0203125 0.026
0 0.1796875 0.1260000000000001 0.01875 0.024
0 0.916796875 0.15009999999999996 0.0296875 0.038
1 0.8565624999999961 0.7353800000000051 0.1140625 0.052559999999999996
1 0.6609375 0.6349600000000001 0.134375 0.061919999999999996
1 0.7689062500000053 0.1341199999999957 0.0734375 0.033839999999999995
1 0.20281250000000012 0.5576599999999996 0.1265625 0.05832
1 0.6731250000000021 0.7196800000000028 0.10625 0.048960000000000004
1 0.5234375 0.82296 0.134375 0.061919999999999996
