0 0.32734375 0.569 0.015625 0.02
0 0.13671875 0.8865999999999971 0.034375 0.044
0 0.81796875 0.45220000000000116 0.021875 0.028
0 0.678515625 0.20929999999999974 0.0203125 0.026
0 0.1828125 0.13080000000000014 0.01875 0.024
0 0.913671875 0.15769999999999998 0.0296875 0.038
0 0.549609375 0.0171 0.0296875 0.038
1 0.8618749999999963 0.7387800000000052 0.1140625 0.052559999999999996
1 0.6671875 0.6309600000000001 0.134375 0.061919999999999996
1 0.7723437500000054 0.1319199999999957 0.0734375 0.033839999999999995
1 0.19687500000000008 0.5614599999999996 0.1265625 0.05832
1 0.668125000000002 0.7164800000000028 0.10625 0.048960000000000004
1 0.5296875 0.82696 0.134375 0.061919999999999996
