0 0.32421875 0.573 0.015625 0.02
0 0.13984375 0.895399999999997 0.034375 0.044
0 0.81484375 0.4578000000000012 0.021875 0.028
0 0.681640625 0.21449999999999972 0.0203125 0.026
0 0.1859375 0.13560000000000014 0.01875 0.024
0 0.910546875 0.1653 0.0296875 0.038
0 0.552734375 0.0247 0.0296875 0.038
1 0.8671874999999964 0.7421800000000053 0.1140625 0.052559999999999996
1 0.6734375 0.6269600000000001 0.134375 0.061919999999999996
1 0.7757812500000055 0.1297199999999957 0.0734375 0.033839999999999995
1 0.19093750000000007 0.5652599999999995 0.1265625 0.05832
1 0.663125000000002 0.7132800000000027 0.10625 0.048960000000000004
1 0.5359375 0.83096 0.134375 0.061919999999999996
