0 0.32109375 0.577 0.015625 0.02
0 0.14296875 0.904199999999997 0.034375 0.044
0 0.81171875 0.46340000000000126 0.021875 0.028
0 0.684765625 0.2196999999999997 0.0203125 0.026
0 0.1890625 0.14040000000000014 0.01875 0.024
0 0.907421875 0.17290000000000003 0.0296875 0.038
0 0.555859375 0.032299999999999995 0.0296875 0.038
1 0.8724999999999966 0.7455800000000053 0.1140625 0.052559999999999996
1 0.6796875 0.6229600000000001 0.134375 0.061919999999999996
1 0.7792187500000056 0.12751999999999572 0.0734375 0.033839999999999995
1 0.18500000000000005 0.5690599999999995 0.1265625 0.05832
1 0.6581250000000018 0.7100800000000027 0.10625 0.048960000000000004
1 0.5421875 0.83496 0.134375 0.061919999999999996
