0 0.32109375 0.581 0.015625 0.02
0 0.13984375 0.9129999999999969 0.034375 0.044
0 0.80859375 0.46900000000000125 0.021875 0.028
0 0.684765625 0.22489999999999968 0.0203125 0.026
0 0.1921875 0.14520000000000016 0.01875 0.024
0 0.904296875 0.18050000000000005 0.0296875 0.038
0 0.558984375 0.039900000000000005 0.0296875 0.038
1 0.8778124999999968 0.7489800000000055 0.1140625 0.052559999999999996
1 0.6859375 0.6189600000000001 0.134375 0.061919999999999996
1 0.7826562500000056 0.12531999999999574 0.0734375 0.033839999999999995
1 0.17906250000000004 0.5728599999999995 0.1265625 0.05832
1 0.6531250000000017 0.7068800000000026 0.10625 0.048960000000000004
1 0.5484375 0.83896 0.134375 0.061919999999999996
