0 0.32421875 0.585 0.015625 0.02
0 0.13671875 0.9217999999999968 0.034375 0.044
0 0.80546875 0.4746000000000013 0.021875 0.028
0 0.681640625 0.2300999999999997 0.0203125 0.026
0 0.1921875 0.15000000000000016 0.01875 0.024
0 0.901171875 0.18810000000000007 0.0296875 0.038
0 0.562109375 0.0475 0.0296875 0.038
1 0.8831249999999968 0.7523800000000056 0.1140625 0.052559999999999996
1 0.6921875 0.6149600000000001 0.134375 0.061919999999999996
1 0.7860937500000057 0.12311999999999576 0.0734375 0.033839999999999995
1 0.17312500000000003 0.5766599999999994 0.1265625 0.05832
1 0.6481250000000017 0.7036800000000025 0.10625 0.048960000000000004
1 0.5546875 0.84296 0.134375 0.061919999999999996
