0 0.32734375 0.589 0.015625 0.02
0 0.13359375 0.9305999999999969 0.034375 0.044
0 0.80859375 0.4802000000000013 0.021875 0.028
0 0.678515625 0.23529999999999968 0.0203125 0.026
0 0.1890625 0.1548000000000002 0.01875 0.024
0 0.904296875 0.1957000000000001 0.0296875 0.038
0 0.562109375 0.055099999999999996 0.0296875 0.038
1 0.888437499999997 0.7557800000000057 0.1140625 0.052559999999999996
1 0.6984375 0.6109600000000001 0.134375 0.061919999999999996
1 0.7895312500000058 0.12091999999999577 0.0734375 0.033839999999999995
1 0.1671875 0.5804599999999993 0.1265625 0.05832
1 0.6431250000000016 0.7004800000000025 0.10625 0.048960000000000004
1 0.5609375 0.84696 0.134375 0.061919999999999996
