0 0.33046875 0.593 0.015625 0.02
0 0.13046875 0.9393999999999968 0.034375 0.044
0 0.81171875 0.48580000000000134 0.021875 0.028
0 0.675390625 0.24049999999999966 0.0203125 0.026
0 0.1859375 0.1596000000000002 0.01875 0.024
0 0.907421875 0.20330000000000012 0.0296875 0.038
0 0.558984375 0.06269999999999999 0.0296875 0.038
1 0.8937499999999972 0.7591800000000057 0.1140625 0.052559999999999996
1 0.7046875 0.60696 0.134375 0.061919999999999996
1 0.7929687500000059 0.11871999999999577 0.0734375 0.033839999999999995
1 0.16124999999999998 0.5842599999999993 0.1265625 0.05832
1 0.6381250000000016 0.6972800000000025 0.10625 0.048960000000000004
1 0.5671875 0.85096 0.134375 0.061919999999999996
