0 0.33359375 0.597 0.015625 0.02
0 0.12734375 0.9481999999999967 0.034375 0.044
0 0.81484375 0.49140000000000134 0.021875 0.028
0 0.672265625 0.24569999999999964 0.0203125 0.026
0 0.1828125 0.1644000000000002 0.01875 0.024
0 0.910546875 0.21090000000000014 0.0296875 0.038
0 0.555859375 0.07029999999999999 0.0296875 0.038
1 0.8990624999999973 0.7625800000000058 0.1140625 0.052559999999999996
1 0.7109375 0.60296 0.134375 0.061919999999999996
1 0.796406250000006 0.1165199999999958 0.0734375 0.033839999999999995
1 0.15531250000000002 0.5880599999999992 0.1265625 0.05832
1 0.6331250000000015 0.6940800000000025 0.10625 0.048960000000000004
1 0.5734375 0.85496 0.134375 0.061919999999999996
