0 0.33671875 0.601 0.015625 0.02
0 0.12421875 0.9569999999999967 0.034375 0.044
0 0.81796875 0.4970000000000014 0.021875 0.028
0 0.669140625 0.2508999999999996 0.0203125 0.026
0 0.1796875 0.1692000000000002 0.01875 0.024
0 0.913671875 0.21850000000000017 0.0296875 0.038
0 0.552734375 0.07789999999999998 0.0296875 0.038
1 0.9043749999999975 0.7659800000000059 0.1140625 0.052559999999999996
1 0.7171875 0.59896 0.134375 0.061919999999999996
1 0.799843750000006 0.1143199999999958 0.0734375 0.033839999999999995
1 0.14937499999999998 0.5918599999999992 0.1265625 0.05832
1 0.6281250000000014 0.6908800000000024 0.10625 0.048960000000000004
1 0.5796875 0.8589600000000001 0.134375 0.061919999999999996
