0 0.33671875 0.605 0.015625 0.02
0 0.12734375 0.9657999999999967 0.034375 0.044
0 0.82109375 0.5026000000000014 0.021875 0.028
0 0.669140625 0.2560999999999996 0.0203125 0.026
0 0.1765625 0.17400000000000024 0.01875 0.024
0 0.916796875 0.2261000000000002 0.0296875 0.038
0 0.549609375 0.08549999999999996 0.0296875 0.038
1 0.9096874999999975 0.7693800000000061 0.1140625 0.052559999999999996
1 0.7234375 0.59496 0.134375 0.061919999999999996
1 0.803281250000006 0.1121199999999958 0.0734375 0.033839999999999995
1 0.14343750000000002 0.5956599999999992 0.1265625 0.05832
1 0.6231250000000014 0.6876800000000023 0.10625 0.048960000000000004
1 0.5859375 0.8589600000000001 0.134375 0.061919999999999996
