0 0.33359375 0.609 0.015625 0.02
0 0.13046875 0.9745999999999966 0.034375 0.044
0 0.82421875 0.5082000000000014 0.021875 0.028
0 0.672265625 0.2612999999999996 0.0203125 0.026
0 0.1765625 0.17880000000000024 0.01875 0.024
0 0.919921875 0.2337000000000002 0.0296875 0.038
0 0.546484375 0.09309999999999996 0.0296875 0.038
1 0.9149999999999977 0.7727800000000061 0.1140625 0.052559999999999996
1 0.7296875 0.59096 0.134375 0.061919999999999996
1 0.8067187500000061 0.10991999999999583 0.0734375 0.033839999999999995
1 0.1375 0.5994599999999991 0.1265625 0.05832
1 0.6181250000000013 0.6844800000000023 0.10625 0.048960000000000004
1 0.5921875 0.85496 0.134375 0.061919999999999996
