0 0.33046875 0.613 0.015625 0.02
0 0.13359375 0.9833999999999966 0.034375 0.044
0 0.82109375 0.5138000000000015 0.021875 0.028
0 0.675390625 0.2664999999999997 0.0203125 0.026
0 0.1796875 0.18360000000000026 0.01875 0.024
0 0.916796875 0.24130000000000024 0.0296875 0.038
0 0.546484375 0.10069999999999996 0.0296875 0.038
1 0.9203124999999979 0.7761800000000062 0.1140625 0.052559999999999996
1 0.7359375 0.58696 0.134375 0.061919999999999996
1 0.8101562500000062 0.10771999999999583 0.0734375 0.033839999999999995
1 0.13156250000000003 0.6032599999999991 0.1265625 0.05832
1 0.6131250000000013 0.6812800000000022 0.10625 0.048960000000000004
1 0.5984375 0.85096 0.134375 0.061919999999999996
1 0.07359375 0.5345 0.140625 0.0648
