0 0.32734375 0.617 0.015625 0.02
0 0.13671875 0.9921999999999965 0.034375 0.044
0 0.81796875 0.5194000000000014 0.021875 0.028
0 0.678515625 0.2716999999999997 0.0203125 0.026
0 0.1828125 0.18840000000000026 0.01875 0.024
0 0.913671875 0.24890000000000026 0.0296875 0.038
0 0.549609375 0.10829999999999995 0.0296875 0.038
1 0.925624999999998 0.7795800000000063 0.1140625 0.052559999999999996
1 0.7421875 0.58296 0.134375 0.061919999999999996
1 0.8135937500000063 0.10551999999999585 0.0734375 0.033839999999999995
1 0.12562500000000001 0.607059999999999 0.1265625 0.05832
1 0.6081250000000011 0.6780800000000022 0.10625 0.048960000000000004
1 0.6046875 0.84696 0.134375 0.061919999999999996
1 0.08015625 0.5387000000000001 0.140625 0.0648
