0 0.32421875 0.621 0.015625 0.02
0 0.13984375 1.0009999999999966 0.034375 0.044
0 0.81484375 0.5250000000000014 0.021875 0.028
0 0.681640625 0.27689999999999976 0.0203125 0.026
0 0.1859375 0.19320000000000026 0.01875 0.024
0 0.910546875 0.2565000000000003 0.0296875 0.038
0 0.552734375 0.11589999999999995 0.0296875 0.038
1 0.9309374999999982 0.7829800000000063 0.1140625 0.052559999999999996
1 0.7484375 0.57896 0.134375 0.061919999999999996
1 0.8170312500000063 0.10331999999999586 0.0734375 0.033839999999999995
1 0.11968750000000003 0.610859999999999 0.1265625 0.05832
1 0.603125000000001 0.6748800000000021 0.10625 0.048960000000000004
1 0.6109375 0.84296 0.134375 0.061919999999999996
1 0.08671875 0.5429 0.140625 0.0648
