0 0.32109375 0.625 0.015625 0.02
0 0.14296875 1.0097999999999965 0.034375 0.044
0 0.81171875 0.5306000000000013 0.021875 0.028
0 0.684765625 0.2820999999999998 0.0203125 0.026
0 0.1890625 0.1980000000000003 0.01875 0.024
0 0.907421875 0.26410000000000033 0.0296875 0.038
0 0.555859375 0.12349999999999994 0.0296875 0.038
1 0.9362499999999983 0.7863800000000065 0.1140625 0.052559999999999996
1 0.7546875 0.57496 0.134375 0.061919999999999996
1 0.8204687500000064 0.10111999999999587 0.0734375 0.033839999999999995
1 0.11375000000000002 0.614659999999999 0.1265625 0.05832
1 0.598125000000001 0.6716800000000022 0.10625 0.048960000000000004
1 0.6171875 0.83896 0.134375 0.061919999999999996
1 0.09328125000000001 0.5429 0.140625 0.0648
