0 0.32109375 0.629 0.015625 0.02
0 0.80859375 0.5362000000000012 0.021875 0.028
0 0.684765625 0.28729999999999983 0.0203125 0.026
0 0.1921875 0.20280000000000029 0.01875 0.024
0 0.904296875 0.27170000000000033 0.0296875 0.038
0 0.558984375 0.13109999999999994 0.0296875 0.038
1 0.9415624999999984 0.7897800000000066 0.1140625 0.052559999999999996
1 0.7609375 0.57096 0.134375 0.061919999999999996
1 0.8239062500000065 0.09891999999999589 0.0734375 0.033839999999999995
1 0.10781250000000005 0.6184599999999989 0.1265625 0.05832
1 0.5931250000000009 0.6684800000000021 0.10625 0.048960000000000004
1 0.6234375 0.83496 0.134375 0.061919999999999996
1 0.09984375000000001 0.5387000000000001 0.140625 0.0648
