0 0.32421875 0.633 0.015625 0.02
0 0.80546875 0.5418000000000011 0.021875 0.028
0 0.681640625 0.29249999999999987 0.0203125 0.026
0 0.1921875 0.2076000000000003 0.01875 0.024
0 0.901171875 0.2793000000000003 0.0296875 0.038
0 0.562109375 0.13869999999999993 0.0296875 0.038
1 0.9415624999999984 0.7931800000000067 0.1140625 0.052559999999999996
1 0.7671875 0.56696 0.134375 0.061919999999999996
1 0.8273437500000066 0.09671999999999589 0.0734375 0.033839999999999995
1 0.10187500000000002 0.6222599999999988 0.1265625 0.05832
1 0.5881250000000009 0.665280000000002 0.10625 0.048960000000000004
1 0.6296875 0.83096 0.134375 0.061919999999999996
1 0.10640625000000001 0.5345 0.140625 0.0648
