0 0.32734375 0.637 0.015625 0.02
0 0.678515625 0.2976999999999999 0.0203125 0.026
0 0.1890625 0.2124000000000003 0.01875 0.024
0 0.904296875 0.2869000000000004 0.0296875 0.038
0 0.562109375 0.14629999999999996 0.0296875 0.038
1 0.9362499999999983 0.7965800000000067 0.1140625 0.052559999999999996
1 0.7734375 0.56296 0.134375 0.061919999999999996
1 0.8307812500000067 0.0945199999999959 0.0734375 0.033839999999999995
1 0.09593750000000004 0.6260599999999988 0.1265625 0.05832
1 0.5831250000000008 0.662080000000002 0.10625 0.048960000000000004
1 0.6359375 0.82696 0.134375 0.061919999999999996
1 0.11296875000000002 0.5303 0.140625 0.0648
