0 0.33046875 0.641 0.015625 0.02
0 0.675390625 0.3029 0.0203125 0.026
0 0.1859375 0.21720000000000034 0.01875 0.024
0 0.907421875 0.2945000000000004 0.0296875 0.038
0 0.558984375 0.15389999999999998 0.0296875 0.038
1 0.9309374999999982 0.7999800000000068 0.1140625 0.052559999999999996
1 0.7796875 0.55896 0.134375 0.061919999999999996
1 0.8342187500000067 0.09231999999999592 0.0734375 0.033839999999999995
1 0.09000000000000005 0.6298599999999988 0.1265625 0.05832
1 0.5781250000000007 0.6588800000000019 0.10625 0.048960000000000004
1 0.6421875 0.82296 0.134375 0.061919999999999996
1 0.11953125000000002 0.5260999999999999 0.140625 0.0648
