0 0.33359375 0.645 0.015625 0.02
0 0.672265625 0.30810000000000004 0.0203125 0.026
0 0.1828125 0.22200000000000034 0.01875 0.024
0 0.910546875 0.3021000000000004 0.0296875 0.038
0 0.555859375 0.1615 0.0296875 0.038
1 0.925624999999998 0.803380000000007 0.1140625 0.052559999999999996
1 0.7859375 0.55496 0.134375 0.061919999999999996
1 0.8376562500000068 0.09011999999999593 0.0734375 0.033839999999999995
1 0.08406250000000004 0.6336599999999987 0.1265625 0.05832
1 0.5731250000000007 0.6556800000000019 0.10625 0.048960000000000004
1 0.6484375 0.81896 0.134375 0.061919999999999996
1 0.12609375000000003 0.5218999999999998 0.140625 0.0648
