0 0.33671875 0.649 0.015625 0.02
0 0.669140625 0.3133000000000001 0.0203125 0.026
0 0.1796875 0.22680000000000036 0.01875 0.024
0 0.913671875 0.3097000000000004 0.0296875 0.038
0 0.552734375 0.16910000000000003 0.0296875 0.038
1 0.9203124999999979 0.806780000000007 0.1140625 0.052559999999999996
1 0.7921875 0.55096 0.134375 0.061919999999999996
1 0.8410937500000069 0.08791999999999593 0.0734375 0.033839999999999995
1 0.07812500000000004 0.6374599999999987 0.1265625 0.05832
1 0.5681250000000005 0.6524800000000018 0.10625 0.048960000000000004
1 0.6546875 0.81496 0.134375 0.061919999999999996
1 0.13265625 0.5176999999999998 0.140625 0.0648
