0 0.33671875 0.653 0.015625 0.02
0 0.669140625 0.3185000000000001 0.0203125 0.026
0 0.1765625 0.23160000000000036 0.01875 0.024
0 0.916796875 0.31730000000000047 0.0296875 0.038
0 0.549609375 0.17670000000000005 0.0296875 0.038
1 0.9149999999999977 0.8101800000000071 0.1140625 0.052559999999999996
1 0.7984375 0.54696 0.134375 0.061919999999999996
1 0.844531250000007 0.08571999999999595 0.0734375 0.033839999999999995
1 0.07218750000000004 0.6412599999999986 0.1265625 0.05832
1 0.5631250000000005 0.6492800000000017 0.10625 0.048960000000000004
1 0.6609375 0.81096 0.134375 0.061919999999999996
1 0.13921875000000003 0.5134999999999997 0.140625 0.0648
