0 0.33359375 0.657 0.015625 0.02
0 0.672265625 0.32370000000000015 0.0203125 0.026
0 0.1765625 0.2364000000000004 0.01875 0.024
0 0.919921875 0.32490000000000047 0.0296875 0.038
0 0.546484375 0.18430000000000007 0.0296875 0.038
1 0.9096874999999975 0.8135800000000072 0.1140625 0.052559999999999996
1 0.8046875 0.54296 0.134375 0.061919999999999996
1 0.847968750000007 0.08351999999999596 0.0734375 0.033839999999999995
1 0.06625000000000004 0.6450599999999986 0.1265625 0.05832
1 0.5581250000000004 0.6460800000000018 0.10625 0.048960000000000004
1 0.6671875 0.80696 0.134375 0.061919999999999996
1 0.14578125000000003 0.5092999999999998 0.140625 0.0648
