0 0.33046875 0.661 0.015625 0.02
0 0.675390625 0.3289000000000002 0.0203125 0.026
0 0.1796875 0.2412000000000004 0.01875 0.024
0 0.916796875 0.3325000000000005 0.0296875 0.038
0 0.546484375 0.1919000000000001 0.0296875 0.038
0 0.01328125 0.0198 0.034375 0.044
1 0.9043749999999975 0.8169800000000073 0.1140625 0.052559999999999996
1 0.8109375 0.53896 0.134375 0.061919999999999996
1 0.851406250000007 0.08131999999999596 0.0734375 0.033839999999999995
1 0.06031250000000005 0.6450599999999986 0.1265625 0.05832
1 0.5531250000000003 0.6428800000000017 0.10625 0.048960000000000004
1 0.6734375 0.80296 0.134375 0.061919999999999996
1 0.15234375000000006 0.5050999999999997 0.140625 0.0648
