0 0.32734375 0.665 0.015625 0.02
0 0.678515625 0.33410000000000023 0.0203125 0.026
0 0.1828125 0.24600000000000039 0.01875 0.024
0 0.913671875 0.3401000000000005 0.0296875 0.038
0 0.549609375 0.19950000000000012 0.0296875 0.038
0 0.01640625 0.0286 0.034375 0.044
1 0.8990624999999973 0.8203800000000074 0.1140625 0.052559999999999996
1 0.8171875 0.53496 0.134375 0.061919999999999996
1 0.8548437500000071 0.07911999999999597 0.0734375 0.033839999999999995
1 0.06625000000000004 0.6412599999999986 0.1265625 0.05832
1 0.5481250000000003 0.6396800000000017 0.10625 0.048960000000000004
1 0.6796875 0.79896 0.134375 0.061919999999999996
1 0.15890625000000003 0.5008999999999997 0.140625 0.0648
