0 0.32421875 0.669 0.015625 0.02
0 0.681640625 0.33930000000000027 0.0203125 0.026
0 0.1859375 0.2508000000000004 0.01875 0.024
0 0.910546875 0.34770000000000056 0.0296875 0.038
0 0.552734375 0.20710000000000015 0.0296875 0.038
0 0.01953125 0.037399999999999996 0.034375 0.044
1 0.8937499999999972 0.8237800000000075 0.1140625 0.052559999999999996
1 0.8234375 0.53096 0.134375 0.061919999999999996
1 0.8582812500000072 0.07691999999999596 0.0734375 0.033839999999999995
1 0.07218750000000004 0.6374599999999987 0.1265625 0.05832
1 0.5431250000000002 0.6364800000000016 0.10625 0.048960000000000004
1 0.6859375 0.79496 0.134375 0.061919999999999996
1 0.16546875000000005 0.4966999999999996 0.140625 0.0648
