0 0.32109375 0.673 0.015625 0.02
0 0.684765625 0.34450000000000036 0.0203125 0.026
0 0.1890625 0.25560000000000044 0.01875 0.024
0 0.907421875 0.35530000000000056 0.0296875 0.038
0 0.555859375 0.21470000000000017 0.0296875 0.038
0 0.02265625 0.0462 0.034375 0.044
0 0.61484375 0.0126 0.028125 0.036
1 0.888437499999997 0.8271800000000076 0.1140625 0.052559999999999996
1 0.8296875 0.52696 0.134375 0.061919999999999996
1 0.8617187500000073 0.07911999999999597 0.0734375 0.033839999999999995
1 0.07812500000000004 0.6336599999999987 0.1265625 0.05832
1 0.5381250000000002 0.6332800000000016 0.10625 0.048960000000000004
1 0.6921875 0.79096 0.134375 0.061919999999999996
1 0.17203125000000002 0.49249999999999955 0.140625 0.0648
