0 0.32109375 0.677 0.015625 0.02
0 0.684765625 0.3497000000000004 0.0203125 0.026
0 0.1921875 0.2604000000000004 0.01875 0.024
0 0.904296875 0.3629000000000006 0.0296875 0.038
0 0.558984375 0.2223000000000002 0.0296875 0.038
0 0.02578125 0.05499999999999999 0.034375 0.044
0 0.61796875 0.019799999999999998 0.028125 0.036
1 0.8831249999999968 0.8305800000000076 0.1140625 0.052559999999999996
1 0.8359375 0.5229600000000001 0.134375 0.061919999999999996
1 0.8651562500000074 0.08131999999999596 0.0734375 0.033839999999999995
1 0.08406250000000004 0.6298599999999988 0.1265625 0.05832
1 0.5331250000000001 0.6300800000000015 0.10625 0.048960000000000004
1 0.6984375 0.78696 0.134375 0.061919999999999996
1 0.17859375000000002 0.4882999999999995 0.140625 0.0648
