0 0.32421875 0.681 0.015625 0.02
0 0.681640625 0.35490000000000044 0.0203125 0.026
0 0.1921875 0.2652000000000004 0.01875 0.024
0 0.901171875 0.3705000000000006 0.0296875 0.038
0 0.562109375 0.22990000000000022 0.0296875 0.038
0 0.02578125 0.0638 0.034375 0.044
0 0.62109375 0.027 0.028125 0.036
1 0.8778124999999968 0.8339800000000077 0.1140625 0.052559999999999996
1 0.8421875 0.5189600000000001 0.134375 0.061919999999999996
1 0.8685937500000074 0.08351999999999596 0.0734375 0.033839999999999995
1 0.09000000000000005 0.6260599999999988 0.1265625 0.05832
1 0.528125 0.6268800000000014 0.10625 0.048960000000000004
1 0.7046875 0.78296 0.134375 0.061919999999999996
1 0.18515625 0.4840999999999995 0.140625 0.0648
