0 0.32734375 0.685 0.015625 0.02
0 0.678515625 0.3601000000000005 0.0203125 0.026
0 0.1890625 0.27000000000000035 0.01875 0.024
0 0.904296875 0.37810000000000066 0.0296875 0.038
0 0.562109375 0.23750000000000024 0.0296875 0.038
0 0.02265625 0.0726 0.034375 0.044
0 0.62421875 0.0342 0.028125 0.036
1 0.8724999999999966 0.8373800000000078 0.1140625 0.052559999999999996
1 0.8484375 0.5149600000000001 0.134375 0.061919999999999996
1 0.8720312500000075 0.08571999999999595 0.0734375 0.033839999999999995
1 0.09593750000000004 0.6222599999999988 0.1265625 0.05832
1 0.523125 0.6236800000000015 0.10625 0.048960000000000004
1 0.7109375 0.77896 0.134375 0.061919999999999996
1 0.19171875 0.4798999999999994 0.140625 0.0648
