0 0.33046875 0.689 0.015625 0.02
0 0.675390625 0.3653000000000005 0.0203125 0.026
0 0.1859375 0.2748000000000003 0.01875 0.024
0 0.907421875 0.38570000000000065 0.0296875 0.038
0 0.558984375 0.24510000000000026 0.0296875 0.038
0 0.01953125 0.08139999999999999 0.034375 0.044
0 0.62734375 0.041400000000000006 0.028125 0.036
1 0.8671874999999964 0.8373800000000078 0.1140625 0.052559999999999996
1 0.8546875 0.51096 0.134375 0.061919999999999996
1 0.8754687500000076 0.08791999999999593 0.0734375 0.033839999999999995
1 0.10187500000000002 0.6184599999999989 0.1265625 0.05832
1 0.5181249999999998 0.6204800000000014 0.10625 0.048960000000000004
1 0.7171875 0.77496 0.134375 0.061919999999999996
1 0.19828124999999996 0.47569999999999935 0.140625 0.0648
