0 0.33359375 0.693 0.015625 0.02
0 0.672265625 0.37050000000000055 0.0203125 0.026
0 0.1828125 0.27960000000000024 0.01875 0.024
0 0.910546875 0.3933000000000007 0.0296875 0.038
0 0.555859375 0.25270000000000026 0.0296875 0.038
0 0.01640625 0.0902 0.034375 0.044
0 0.63046875 0.04860000000000001 0.028125 0.036
1 0.8618749999999963 0.8339800000000077 0.1140625 0.052559999999999996
1 0.8609375 0.50696 0.134375 0.061919999999999996
1 0.8789062500000077 0.09011999999999593 0.0734375 0.033839999999999995
1 0.10781250000000005 0.614659999999999 0.1265625 0.05832
1 0.5131249999999998 0.6172800000000014 0.10625 0.048960000000000004
1 0.7234375 0.7709600000000001 0.134375 0.061919999999999996
1 0.20484374999999994 0.4714999999999993 0.140625 0.0648
