0 0.33671875 0.697 0.015625 0.02
0 0.669140625 0.3757000000000006 0.0203125 0.026
0 0.1796875 0.2844000000000002 0.01875 0.024
0 0.913671875 0.4009000000000007 0.0296875 0.038
0 0.552734375 0.2603000000000003 0.0296875 0.038
0 0.01328125 0.09900000000000002 0.034375 0.044
0 0.62734375 0.05580000000000001 0.028125 0.036
1 0.8565624999999961 0.8305800000000076 0.1140625 0.052559999999999996
1 0.8671875 0.50296 0.134375 0.061919999999999996
1 0.8823437500000078 0.09231999999999592 0.0734375 0.033839999999999995
1 0.11375000000000002 0.610859999999999 0.1265625 0.05832
1 0.5081249999999997 0.6140800000000013 0.10625 0.048960000000000004
1 0.7296875 0.7669600000000001 0.134375 0.061919999999999996
1 0.21140624999999993 0.46729999999999927 0.140625 0.0648
