0 0.33671875 0.701 0.015625 0.02
0 0.669140625 0.3809000000000007 0.0203125 0.026
0 0.1765625 0.2892000000000002 0.01875 0.024
0 0.916796875 0.40850000000000075 0.0296875 0.038
0 0.549609375 0.2679000000000003 0.0296875 0.038
0 0.01015625 0.10780000000000002 0.034375 0.044
0 0.62421875 0.06300000000000001 0.028125 0.036
1 0.8512499999999964 0.8271800000000076 0.1140625 0.052559999999999996
1 0.8734375 0.49895999999999996 0.134375 0.061919999999999996
1 0.8857812500000077 0.0945199999999959 0.0734375 0.033839999999999995
1 0.11968750000000003 0.607059999999999 0.1265625 0.05832
1 0.5031249999999996 0.6108800000000012 0.10625 0.048960000000000004
1 0.7359375 0.7629600000000001 0.134375 0.061919999999999996
1 0.2179687499999999 0.46309999999999923 0.140625 0.0648
