0 0.33359375 0.705 0.015625 0.02
0 0.672265625 0.3861000000000007 0.0203125 0.026
0 0.1765625 0.2940000000000001 0.01875 0.024
0 0.919921875 0.41610000000000075 0.0296875 0.038
0 0.546484375 0.27550000000000036 0.0296875 0.038
0 0.01015625 0.11660000000000004 0.034375 0.044
0 0.62109375 0.07020000000000001 0.028125 0.036
1 0.8459374999999962 0.8237800000000075 0.1140625 0.052559999999999996
1 0.8796875 0.49495999999999996 0.134375 0.061919999999999996
1 0.8892187500000078 0.09671999999999589 0.0734375 0.033839999999999995
1 0.12562500000000001 0.6032599999999991 0.1265625 0.05832
1 0.4981249999999996 0.6076800000000012 0.10625 0.048960000000000004
1 0.7421875 0.7589600000000001 0.134375 0.061919999999999996
1 0.2245312499999999 0.4588999999999992 0.140625 0.0648
