0 0.33046875 0.709 0.015625 0.02
0 0.82109375 0.6481999999999993 0.021875 0.028
0 0.675390625 0.39130000000000076 0.0203125 0.026
0 0.1796875 0.29880000000000007 0.01875 0.024
0 0.916796875 0.4237000000000008 0.0296875 0.038
0 0.546484375 0.28310000000000035 0.0296875 0.038
0 0.01328125 0.12540000000000004 0.034375 0.044
0 0.61796875 0.07740000000000001 0.028125 0.036
1 0.8406249999999964 0.8203800000000074 0.1140625 0.052559999999999996
1 0.8859375 0.49095999999999995 0.134375 0.061919999999999996
1 0.8926562500000079 0.09891999999999589 0.0734375 0.033839999999999995
1 0.13156250000000003 0.5994599999999991 0.1265625 0.05832
1 0.4931249999999995 0.6044800000000011 0.10625 0.048960000000000004
1 0.7484375 0.7549600000000001 0.134375 0.061919999999999996
1 0.23109374999999988 0.45469999999999916 0.140625 0.0648
