0 0.32734375 0.713 0.015625 0.02
0 0.81796875 0.6537999999999993 0.021875 0.028
0 0.678515625 0.3965000000000008 0.0203125 0.026
0 0.1828125 0.30360000000000004 0.01875 0.024
0 0.913671875 0.4313000000000008 0.0296875 0.038
0 0.549609375 0.2907000000000004 0.0296875 0.038
0 0.01640625 0.13420000000000004 0.034375 0.044
0 0.61484375 0.0846 0.028125 0.036
1 0.8353124999999963 0.8169800000000073 0.1140625 0.052559999999999996
1 0.8921875 0.48696 0.134375 0.061919999999999996
1 0.896093750000008 0.10111999999999587 0.0734375 0.033839999999999995
1 0.1375 0.5956599999999992 0.1265625 0.05832
1 0.4881249999999994 0.6012800000000011 0.10625 0.048960000000000004
1 0.7546875 0.7509600000000001 0.134375 0.061919999999999996
1 0.23765624999999985 0.45049999999999907 0.140625 0.0648
