0 0.32421875 0.717 0.015625 0.02
0 0.81484375 0.6593999999999992 0.021875 0.028
0 0.681640625 0.40170000000000083 0.0203125 0.026
0 0.1859375 0.30839999999999995 0.01875 0.024
0 0.910546875 0.43890000000000085 0.0296875 0.038
0 0.552734375 0.2983000000000004 0.0296875 0.038
0 0.01953125 0.14300000000000004 0.034375 0.044
0 0.61171875 0.09179999999999998 0.028125 0.036
1 0.8299999999999965 0.8135800000000072 0.1140625 0.052559999999999996
1 0.8984375 0.48296 0.134375 0.061919999999999996
1 0.8995312500000081 0.10331999999999586 0.0734375 0.033839999999999995
1 0.14343750000000002 0.5918599999999992 0.1265625 0.05832
1 0.48312499999999936 0.598080000000001 0.10625 0.048960000000000004
1 0.7609375 0.7469600000000001 0.134375 0.061919999999999996
1 0.24421874999999985 0.44629999999999903 0.140625 0.0648
