0 0.32109375 0.721 0.015625 0.02
0 0.81171875 0.664999999999999 0.021875 0.028
0 0.684765625 0.40690000000000087 0.0203125 0.026
0 0.1890625 0.3131999999999999 0.01875 0.024
0 0.907421875 0.44650000000000084 0.0296875 0.038
0 0.555859375 0.30590000000000045 0.0296875 0.038
0 0.02265625 0.15180000000000007 0.034375 0.044
0 0.61484375 0.09899999999999998 0.028125 0.036
1 0.8246874999999964 0.8101800000000071 0.1140625 0.052559999999999996
1 0.9046875 0.47896 0.134375 0.061919999999999996
1 0.9029687500000081 0.10551999999999585 0.0734375 0.033839999999999995
1 0.14937499999999998 0.5880599999999992 0.1265625 0.05832
1 0.4781249999999993 0.594880000000001 0.10625 0.048960000000000004
1 0.7671875 0.7429600000000001 0.134375 0.061919999999999996
1 0.25078124999999984 0.442099999999999 0.140625 0.0648
