0 0.32109375 0.725 0.015625 0.02
0 0.80859375 0.670599999999999 0.021875 0.028
0 0.684765625 0.4121000000000009 0.0203125 0.026
0 0.1921875 0.3179999999999999 0.01875 0.024
0 0.558984375 0.31350000000000044 0.0296875 0.038
0 0.02578125 0.16060000000000008 0.034375 0.044
0 0.61796875 0.10619999999999996 0.028125 0.036
1 0.8193749999999966 0.806780000000007 0.1140625 0.052559999999999996
1 0.9109375 0.47496 0.134375 0.061919999999999996
1 0.9064062500000082 0.10771999999999583 0.0734375 0.033839999999999995
1 0.15531250000000002 0.5842599999999993 0.1265625 0.05832
1 0.47312499999999924 0.591680000000001 0.10625 0.048960000000000004
1 0.7734375 0.7389600000000001 0.134375 0.061919999999999996
1 0.2573437499999998 0.43789999999999896 0.140625 0.0648
