0 0.32421875 0.729 0.015625 0.02
0 0.80546875 0.6761999999999989 0.021875 0.028
0 0.681640625 0.417300000000001 0.0203125 0.026
0 0.1921875 0.32279999999999986 0.01875 0.024
0 0.562109375 0.3211000000000005 0.0296875 0.038
0 0.02578125 0.16940000000000008 0.034375 0.044
0 0.62109375 0.11339999999999995 0.028125 0.036
1 0.8140624999999965 0.803380000000007 0.1140625 0.052559999999999996
1 0.9171875 0.47096 0.134375 0.061919999999999996
1 0.9098437500000083 0.10991999999999583 0.0734375 0.033839999999999995
1 0.16124999999999998 0.5804599999999993 0.1265625 0.05832
1 0.4681249999999991 0.5884800000000009 0.10625 0.048960000000000004
1 0.7796875 0.7349600000000001 0.134375 0.061919999999999996
1 0.2639062499999998 0.4336999999999989 0.140625 0.0648
