0 0.32734375 0.733 0.015625 0.02
0 0.80859375 0.6817999999999989 0.021875 0.028
0 0.678515625 0.42250000000000104 0.0203125 0.026
0 0.1890625 0.3275999999999998 0.01875 0.024
0 0.562109375 0.3287000000000005 0.0296875 0.038
0 0.02265625 0.1782000000000001 0.034375 0.044
0 0.62421875 0.12059999999999994 0.028125 0.036
1 0.8087499999999966 0.7999800000000068 0.1140625 0.052559999999999996
1 0.9234375 0.46696 0.134375 0.061919999999999996
1 0.9132812500000084 0.1121199999999958 0.0734375 0.033839999999999995
1 0.1671875 0.5766599999999994 0.1265625 0.05832
1 0.46312499999999907 0.5852800000000009 0.10625 0.048960000000000004
1 0.7859375 0.73096 0.134375 0.061919999999999996
1 0.27046874999999976 0.4294999999999989 0.140625 0.0648
