0 0.33046875 0.737 0.015625 0.02
0 0.81171875 0.6873999999999987 0.021875 0.028
0 0.675390625 0.4277000000000011 0.0203125 0.026
0 0.1859375 0.33239999999999975 0.01875 0.024
0 0.558984375 0.33630000000000054 0.0296875 0.038
0 0.01953125 0.1870000000000001 0.034375 0.044
0 0.62734375 0.1277999999999999 0.028125 0.036
1 0.8034374999999965 0.7965800000000067 0.1140625 0.052559999999999996
1 0.9296875 0.46296 0.134375 0.061919999999999996
1 0.9167187500000085 0.1143199999999958 0.0734375 0.033839999999999995
1 0.17312500000000003 0.5728599999999995 0.1265625 0.05832
1 0.458124999999999 0.5820800000000008 0.10625 0.048960000000000004
1 0.7921875 0.72696 0.134375 0.061919999999999996
1 0.27703124999999973 0.4252999999999988 0.140625 0.0648
