0 0.33359375 0.741 0.015625 0.02
0 0.81484375 0.6929999999999986 0.021875 0.028
0 0.672265625 0.4329000000000011 0.0203125 0.026
0 0.1828125 0.3371999999999997 0.01875 0.024
0 0.555859375 0.34390000000000054 0.0296875 0.038
0 0.01640625 0.1958000000000001 0.034375 0.044
0 0.63046875 0.13499999999999993 0.028125 0.036
1 0.7981249999999966 0.7931800000000067 0.1140625 0.052559999999999996
1 0.9359375 0.45896 0.134375 0.061919999999999996
1 0.9201562500000084 0.1165199999999958 0.0734375 0.033839999999999995
1 0.17906250000000004 0.5690599999999995 0.1265625 0.05832
1 0.45312499999999895 0.5788800000000008 0.10625 0.048960000000000004
1 0.7984375 0.72296 0.134375 0.061919999999999996
1 0.28359374999999976 0.42109999999999875 0.140625 0.0648
