0 0.33671875 0.745 0.015625 0.02
0 0.669140625 0.43810000000000116 0.0203125 0.026
0 0.1796875 0.34199999999999964 0.01875 0.024
0 0.552734375 0.3515000000000006 0.0296875 0.038
0 0.01328125 0.20460000000000014 0.034375 0.044
0 0.62734375 0.1421999999999999 0.028125 0.036
1 0.7928124999999967 0.7897800000000066 0.1140625 0.052559999999999996
1 0.9296875 0.45496 0.134375 0.061919999999999996
1 0.9235937500000085 0.11871999999999577 0.0734375 0.033839999999999995
1 0.18500000000000005 0.5652599999999995 0.1265625 0.05832
1 0.44812499999999905 0.5756800000000007 0.10625 0.048960000000000004
1 0.8046875 0.71896 0.134375 0.061919999999999996
1 0.2901562499999997 0.4168999999999987 0.140625 0.0648
