0 0.33671875 0.749 0.015625 0.02
0 0.669140625 0.4433000000000012 0.0203125 0.026
0 0.1765625 0.3467999999999996 0.01875 0.024
0 0.549609375 0.3591000000000006 0.0296875 0.038
0 0.01015625 0.21340000000000015 0.034375 0.044
0 0.62421875 0.1493999999999999 0.028125 0.036
1 0.7874999999999968 0.7863800000000065 0.1140625 0.052559999999999996
1 0.9234375 0.45095999999999997 0.134375 0.061919999999999996
1 0.9270312500000086 0.12091999999999577 0.0734375 0.033839999999999995
1 0.19093750000000007 0.5614599999999996 0.1265625 0.05832
1 0.443124999999999 0.5724800000000007 0.10625 0.048960000000000004
1 0.8109375 0.71496 0.134375 0.061919999999999996
1 0.2967187499999997 0.4126999999999987 0.140625 0.0648
