0 0.33359375 0.753 0.015625 0.02
0 0.672265625 0.44850000000000123 0.0203125 0.026
0 0.1765625 0.3515999999999996 0.01875 0.024
0 0.546484375 0.36670000000000064 0.0296875 0.038
0 0.01015625 0.22220000000000015 0.034375 0.044
0 0.62109375 0.15659999999999988 0.028125 0.036
1 0.7821874999999967 0.7829800000000063 0.1140625 0.052559999999999996
1 0.9171875 0.44695999999999997 0.134375 0.061919999999999996
1 0.9304687500000087 0.12311999999999576 0.0734375 0.033839999999999995
1 0.19687500000000008 0.5576599999999996 0.1265625 0.05832
1 0.4381249999999991 0.5692800000000007 0.10625 0.048960000000000004
1 0.8171875 0.71096 0.134375 0.061919999999999996
1 0.30328124999999967 0.40849999999999864 0.140625 0.0648
