0 0.33046875 0.757 0.015625 0.02
0 0.675390625 0.45370000000000127 0.0203125 0.026
0 0.1796875 0.3563999999999995 0.01875 0.024
0 0.546484375 0.37430000000000063 0.0296875 0.038
0 0.01328125 0.23100000000000018 0.034375 0.044
0 0.61796875 0.16379999999999986 0.028125 0.036
1 0.7768749999999968 0.7795800000000063 0.1140625 0.052559999999999996
1 0.9109375 0.44295999999999996 0.134375 0.061919999999999996
1 0.9339062500000088 0.12531999999999574 0.0734375 0.033839999999999995
1 0.20281250000000012 0.5538599999999997 0.1265625 0.05832
1 0.433124999999999 0.5660800000000006 0.10625 0.048960000000000004
1 0.8234375 0.70696 0.134375 0.061919999999999996
1 0.30984374999999964 0.4042999999999986 0.140625 0.0648
