0 0.32734375 0.761 0.015625 0.02
0 0.678515625 0.45890000000000136 0.0203125 0.026
0 0.1828125 0.36119999999999947 0.01875 0.024
0 0.549609375 0.3819000000000007 0.0296875 0.038
0 0.01640625 0.23980000000000018 0.034375 0.044
0 0.61484375 0.17099999999999985 0.028125 0.036
1 0.7715624999999968 0.7761800000000062 0.1140625 0.052559999999999996
1 0.9046875 0.43895999999999996 0.134375 0.061919999999999996
1 0.9373437500000088 0.12751999999999572 0.0734375 0.033839999999999995
1 0.20875000000000013 0.5500599999999998 0.1265625 0.05832
1 0.4281249999999991 0.5628800000000006 0.10625 0.048960000000000004
1 0.8296875 0.70296 0.134375 0.061919999999999996
1 0.31640624999999967 0.40009999999999857 0.140625 0.0648
