0 0.32421875 0.765 0.015625 0.02
0 0.681640625 0.4641000000000014 0.0203125 0.026
0 0.1859375 0.36599999999999944 0.01875 0.024
0 0.552734375 0.3895000000000007 0.0296875 0.038
0 0.01953125 0.24860000000000018 0.034375 0.044
0 0.61171875 0.17819999999999986 0.028125 0.036
1 0.7662499999999969 0.7727800000000061 0.1140625 0.052559999999999996
1 0.8984375 0.43495999999999996 0.134375 0.061919999999999996
1 0.9407812500000089 0.1297199999999957 0.0734375 0.033839999999999995
1 0.21468750000000014 0.5462599999999997 0.1265625 0.05832
1 0.42312499999999903 0.5596800000000005 0.10625 0.048960000000000004
1 0.8359375 0.69896 0.134375 0.061919999999999996
1 0.32296874999999964 0.3958999999999985 0.140625 0.0648
