0 0.32109375 0.769 0.015625 0.02
0 0.684765625 0.46930000000000144 0.0203125 0.026
0 0.1890625 0.3707999999999994 0.01875 0.024
0 0.555859375 0.39710000000000073 0.0296875 0.038
0 0.02265625 0.2574000000000002 0.034375 0.044
0 0.61484375 0.18539999999999984 0.028125 0.036
1 0.7609374999999969 0.7693800000000061 0.1140625 0.052559999999999996
1 0.8921875 0.43095999999999995 0.134375 0.061919999999999996
1 0.944218750000009 0.1319199999999957 0.0734375 0.033839999999999995
1 0.22062500000000015 0.5424599999999998 0.1265625 0.05832
1 0.41812499999999914 0.5564800000000004 0.10625 0.048960000000000004
1 0.8421875 0.69496 0.134375 0.061919999999999996
1 0.3295312499999996 0.39169999999999844 0.140625 0.0648
