0 0.32109375 0.773 0.015625 0.02
0 0.684765625 0.4745000000000015 0.0203125 0.026
0 0.1921875 0.3755999999999993 0.01875 0.024
0 0.558984375 0.4047000000000007 0.0296875 0.038
0 0.02578125 0.2662000000000002 0.034375 0.044
0 0.61796875 0.19259999999999983 0.028125 0.036
0 0.38203125 0.0154 0.034375 0.044
1 0.7556249999999969 0.7659800000000059 0.1140625 0.052559999999999996
1 0.8859375 0.42696 0.134375 0.061919999999999996
1 0.9476562500000091 0.1341199999999957 0.0734375 0.033839999999999995
1 0.22656250000000017 0.5386599999999998 0.1265625 0.05832
1 0.4131249999999991 0.5532800000000004 0.10625 0.048960000000000004
1 0.8484375 0.69096 0.134375 0.061919999999999996
1 0.3360937499999996 0.3874999999999984 0.140625 0.0648
