0 0.32421875 0.777 0.015625 0.02
0 0.681640625 0.4797000000000015 0.0203125 0.026
0 0.1921875 0.3803999999999993 0.01875 0.024
0 0.562109375 0.4123000000000008 0.0296875 0.038
0 0.02578125 0.2750000000000002 0.034375 0.044
0 0.62109375 0.1997999999999998 0.028125 0.036
0 0.38515625 0.024200000000000003 0.034375 0.044
1 0.7503124999999969 0.7625800000000058 0.1140625 0.052559999999999996
1 0.8796875 0.42296 0.134375 0.061919999999999996
1 0.9510937500000092 0.13631999999999567 0.0734375 0.033839999999999995
1 0.2325000000000002 0.5348599999999999 0.1265625 0.05832
1 0.4081249999999992 0.5500800000000003 0.10625 0.048960000000000004
1 0.8546875 0.68696 0.134375 0.061919999999999996
1 0.34265624999999955 0.38329999999999836 0.140625 0.0648
