0 0.32734375 0.781 0.015625 0.02
0 0.678515625 0.48490000000000155 0.0203125 0.026
0 0.1890625 0.38519999999999927 0.01875 0.024
0 0.562109375 0.4199000000000008 0.0296875 0.038
0 0.02265625 0.2838000000000001 0.034375 0.044
0 0.62421875 0.2069999999999998 0.028125 0.036
0 0.38828125 0.033 0.034375 0.044
1 0.744999999999997 0.7591800000000057 0.1140625 0.052559999999999996
1 0.8734375 0.41896 0.134375 0.061919999999999996
1 0.9545312500000092 0.13851999999999567 0.0734375 0.033839999999999995
1 0.23843750000000022 0.53106 0.1265625 0.05832
1 0.4031249999999991 0.5468800000000004 0.10625 0.048960000000000004
1 0.8609375 0.68296 0.134375 0.061919999999999996
1 0.3492187499999996 0.3790999999999983 0.140625 0.0648
