0 0.33046875 0.785 0.015625 0.02
0 0.675390625 0.4901000000000016 0.0203125 0.026
0 0.1859375 0.3899999999999992 0.01875 0.024
0 0.558984375 0.42750000000000077 0.0296875 0.038
0 0.01953125 0.2926000000000001 0.034375 0.044
0 0.62734375 0.21419999999999978 0.028125 0.036
0 0.39140625 0.0418 0.034375 0.044
1 0.7396874999999971 0.7557800000000057 0.1140625 0.052559999999999996
1 0.8671875 0.41496 0.134375 0.061919999999999996
1 0.9579687500000093 0.14071999999999565 0.0734375 0.033839999999999995
1 0.24437500000000023 0.52726 0.1265625 0.05832
1 0.3981249999999992 0.5436800000000003 0.10625 0.048960000000000004
1 0.8671875 0.67896 0.134375 0.061919999999999996
1 0.35578124999999955 0.3748999999999983 0.140625 0.0648
