0 0.33359375 0.789 0.015625 0.02
0 0.672265625 0.4953000000000017 0.0203125 0.026
0 0.1828125 0.39479999999999915 0.01875 0.024
0 0.555859375 0.4351000000000008 0.0296875 0.038
0 0.01640625 0.30140000000000006 0.034375 0.044
0 0.63046875 0.2213999999999998 0.028125 0.036
0 0.39453125 0.05059999999999999 0.034375 0.044
1 0.7343749999999971 0.7523800000000056 0.1140625 0.052559999999999996
1 0.8609375 0.41096 0.134375 0.061919999999999996
1 0.9614062500000093 0.14291999999999563 0.0734375 0.033839999999999995
1 0.25031250000000027 0.52346 0.1265625 0.05832
1 0.39312499999999917 0.5404800000000003 0.10625 0.048960000000000004
1 0.8734375 0.67496 0.134375 0.061919999999999996
1 0.3623437499999995 0.37069999999999825 0.140625 0.0648
