0 0.33671875 0.793 0.015625 0.02
0 0.669140625 0.5005000000000017 0.0203125 0.026
0 0.1796875 0.3995999999999991 0.01875 0.024
0 0.552734375 0.4427000000000008 0.0296875 0.038
0 0.01328125 0.3102 0.034375 0.044
0 0.62734375 0.22859999999999978 0.028125 0.036
0 0.39765625 0.059399999999999994 0.034375 0.044
1 0.7290624999999971 0.7489800000000055 0.1140625 0.052559999999999996
1 0.8546875 0.40696 0.134375 0.061919999999999996
1 0.9648437500000094 0.14511999999999564 0.0734375 0.033839999999999995
1 0.25625000000000026 0.5196600000000001 0.1265625 0.05832
1 0.3881249999999992 0.5372800000000002 0.10625 0.048960000000000004
1 0.8796875 0.67096 0.134375 0.061919999999999996
1 0.3689062499999995 0.36649999999999816 0.140625 0.0648
