0 0.33671875 0.797 0.015625 0.02
0 0.82109375 0.7713999999999973 0.021875 0.028
0 0.669140625 0.5057000000000017 0.0203125 0.026
0 0.1765625 0.4043999999999991 0.01875 0.024
0 0.549609375 0.45030000000000087 0.0296875 0.038
0 0.01015625 0.31899999999999995 0.034375 0.044
0 0.62421875 0.23579999999999976 0.028125 0.036
0 0.39453125 0.06819999999999998 0.034375 0.044
0 0.18671875 0.021 0.046875 0.06
1 0.7237499999999971 0.7455800000000053 0.1140625 0.052559999999999996
1 0.8484375 0.40296 0.134375 0.061919999999999996
1 0.9614062500000093 0.14731999999999562 0.0734375 0.033839999999999995
1 0.2621875000000003 0.5158600000000001 0.1265625 0.05832
1 0.3831249999999992 0.5340800000000001 0.10625 0.048960000000000004
1 0.8859375 0.66696 0.134375 0.061919999999999996
1 0.37546874999999946 0.3622999999999981 0.140625 0.0648
