0 0.33359375 0.801 0.015625 0.02
0 0.82421875 0.7769999999999972 0.021875 0.028
0 0.672265625 0.5109000000000018 0.0203125 0.026
0 0.1765625 0.409199999999999 0.01875 0.024
0 0.546484375 0.45790000000000086 0.0296875 0.038
0 0.01015625 0.3277999999999999 0.034375 0.044
0 0.62109375 0.24299999999999974 0.028125 0.036
0 0.39140625 0.07699999999999999 0.034375 0.044
0 0.18984375 0.033 0.046875 0.06
1 0.7184374999999972 0.7421800000000053 0.1140625 0.052559999999999996
1 0.8421875 0.39896 0.134375 0.061919999999999996
1 0.9579687500000093 0.1495199999999956 0.0734375 0.033839999999999995
1 0.2681250000000003 0.5120600000000002 0.1265625 0.05832
1 0.37812499999999927 0.5308800000000001 0.10625 0.048960000000000004
1 0.8921875 0.66296 0.134375 0.061919999999999996
1 0.3820312499999995 0.3580999999999981 0.140625 0.0648
