0 0.33046875 0.805 0.015625 0.02
0 0.82109375 0.7825999999999972 0.021875 0.028
0 0.675390625 0.5161000000000019 0.0203125 0.026
0 0.1796875 0.413999999999999 0.01875 0.024
0 0.546484375 0.4655000000000009 0.0296875 0.038
0 0.01328125 0.33659999999999984 0.034375 0.044
0 0.61796875 0.25019999999999976 0.028125 0.036
0 0.38828125 0.0858 0.034375 0.044
0 0.19296875 0.045 0.046875 0.06
1 0.7131249999999972 0.7387800000000052 0.1140625 0.052559999999999996
1 0.8359375 0.39496 0.134375 0.061919999999999996
1 0.9545312500000092 0.15171999999999558 0.0734375 0.033839999999999995
1 0.2740625000000003 0.5082600000000003 0.1265625 0.05832
1 0.37312499999999926 0.52768 0.10625 0.048960000000000004
1 0.8984375 0.65896 0.134375 0.061919999999999996
1 0.38859374999999946 0.35389999999999805 0.140625 0.0648
