0 0.32734375 0.809 0.015625 0.02
0 0.81796875 0.7881999999999971 0.021875 0.028
0 0.678515625 0.5213000000000019 0.0203125 0.026
0 0.1828125 0.41879999999999895 0.01875 0.024
0 0.549609375 0.4731000000000009 0.0296875 0.038
0 0.01640625 0.3453999999999998 0.034375 0.044
0 0.61484375 0.25739999999999974 0.028125 0.036
0 0.38515625 0.0946 0.034375 0.044
0 0.19609375 0.057 0.046875 0.06
1 0.7078124999999973 0.7421800000000053 0.1140625 0.052559999999999996
1 0.8296875 0.39096 0.134375 0.061919999999999996
1 0.9510937500000092 0.1539199999999956 0.0734375 0.033839999999999995
1 0.28000000000000036 0.5044600000000004 0.1265625 0.05832
1 0.36812499999999926 0.5244800000000001 0.10625 0.048960000000000004
1 0.9046875 0.65496 0.134375 0.061919999999999996
1 0.39515624999999943 0.349699999999998 0.140625 0.0648
