0 0.32421875 0.813 0.015625 0.02
0 0.81484375 0.793799999999997 0.021875 0.028
0 0.681640625 0.526500000000002 0.0203125 0.026
0 0.1859375 0.42359999999999887 0.01875 0.024
0 0.552734375 0.48070000000000096 0.0296875 0.038
0 0.01953125 0.35419999999999974 0.034375 0.044
0 0.61171875 0.26459999999999967 0.028125 0.036
0 0.38203125 0.10340000000000002 0.034375 0.044
0 0.19921875 0.069 0.046875 0.06
1 0.7024999999999972 0.7455800000000053 0.1140625 0.052559999999999996
1 0.8234375 0.38695999999999997 0.134375 0.061919999999999996
1 0.9476562500000091 0.15611999999999557 0.0734375 0.033839999999999995
1 0.28593750000000034 0.5006600000000003 0.1265625 0.05832
1 0.3631249999999993 0.52128 0.10625 0.048960000000000004
1 0.9109375 0.65096 0.134375 0.061919999999999996
1 0.4017187499999994 0.345499999999998 0.140625 0.0648
