0 0.32109375 0.817 0.015625 0.02
0 0.81171875 0.7993999999999969 0.021875 0.028
0 0.684765625 0.531700000000002 0.0203125 0.026
0 0.1890625 0.42839999999999884 0.01875 0.024
0 0.555859375 0.48830000000000096 0.0296875 0.038
0 0.02265625 0.3629999999999997 0.034375 0.044
0 0.61484375 0.2717999999999997 0.028125 0.036
0 0.37890625 0.11220000000000004 0.034375 0.044
0 0.20234375 0.081 0.046875 0.06
1 0.6971874999999973 0.7489800000000055 0.1140625 0.052559999999999996
1 0.8171875 0.38295999999999997 0.134375 0.061919999999999996
1 0.944218750000009 0.15831999999999555 0.0734375 0.033839999999999995
1 0.2918750000000004 0.5006600000000003 0.1265625 0.05832
1 0.3581249999999993 0.5180799999999999 0.10625 0.048960000000000004
1 0.9171875 0.6469600000000001 0.134375 0.061919999999999996
1 0.4082812499999994 0.3412999999999979 0.140625 0.0648
