0 0.32109375 0.821 0.015625 0.02
0 0.80859375 0.8049999999999968 0.021875 0.028
0 0.684765625 0.536900000000002 0.0203125 0.026
0 0.1921875 0.4331999999999988 0.01875 0.024
0 0.558984375 0.495900000000001 0.0296875 0.038
0 0.02578125 0.3717999999999997 0.034375 0.044
0 0.61796875 0.27899999999999975 0.028125 0.036
0 0.38203125 0.12100000000000004 0.034375 0.044
0 0.19921875 0.093 0.046875 0.06
1 0.6918749999999974 0.7523800000000056 0.1140625 0.052559999999999996
1 0.8109375 0.37895999999999996 0.134375 0.061919999999999996
1 0.9407812500000089 0.16051999999999556 0.0734375 0.033839999999999995
1 0.29781250000000037 0.5044600000000004 0.1265625 0.05832
1 0.35312499999999936 0.5148799999999999 0.10625 0.048960000000000004
1 0.9234375 0.6429600000000001 0.134375 0.061919999999999996
1 0.4148437499999994 0.33709999999999785 0.140625 0.0648
