0 0.32421875 0.825 0.015625 0.02
0 0.80546875 0.8105999999999968 0.021875 0.028
0 0.681640625 0.542100000000002 0.0203125 0.026
0 0.1921875 0.4379999999999987 0.01875 0.024
0 0.562109375 0.5035000000000011 0.0296875 0.038
0 0.02578125 0.3805999999999996 0.034375 0.044
0 0.62109375 0.28619999999999984 0.028125 0.036
0 0.38515625 0.12980000000000008 0.034375 0.044
0 0.19609375 0.105 0.046875 0.06
1 0.6865624999999974 0.7557800000000057 0.1140625 0.052559999999999996
1 0.8046875 0.37495999999999996 0.134375 0.061919999999999996
1 0.9373437500000088 0.16271999999999553 0.0734375 0.033839999999999995
1 0.3037500000000004 0.5082600000000003 0.1265625 0.05832
1 0.34812499999999935 0.5116799999999998 0.10625 0.048960000000000004
1 0.9296875 0.6389600000000001 0.134375 0.061919999999999996
1 0.42140624999999937 0.3328999999999978 0.140625 0.0648
