0 0.32734375 0.829 0.015625 0.02
0 0.80859375 0.8161999999999966 0.021875 0.028
0 0.678515625 0.5473000000000021 0.0203125 0.026
0 0.1890625 0.4427999999999987 0.01875 0.024
0 0.562109375 0.511100000000001 0.0296875 0.038
0 0.02265625 0.3893999999999996 0.034375 0.044
0 0.62421875 0.2933999999999999 0.028125 0.036
0 0.38828125 0.13860000000000008 0.034375 0.044
0 0.19296875 0.117 0.046875 0.06
1 0.6812499999999975 0.7591800000000057 0.1140625 0.052559999999999996
1 0.7984375 0.37095999999999996 0.134375 0.061919999999999996
1 0.9339062500000088 0.16491999999999551 0.0734375 0.033839999999999995
1 0.30968750000000045 0.5120600000000002 0.1265625 0.05832
1 0.34312499999999935 0.5084799999999998 0.10625 0.048960000000000004
1 0.9359375 0.6349600000000001 0.134375 0.061919999999999996
1 0.42796874999999934 0.32869999999999777 0.140625 0.0648
