0 0.33046875 0.833 0.015625 0.02
0 0.81171875 0.8217999999999965 0.021875 0.028
0 0.675390625 0.5525000000000022 0.0203125 0.026
0 0.1859375 0.44759999999999867 0.01875 0.024
0 0.558984375 0.518700000000001 0.0296875 0.038
0 0.01953125 0.39819999999999955 0.034375 0.044
0 0.62734375 0.3005999999999999 0.028125 0.036
0 0.39140625 0.14740000000000006 0.034375 0.044
0 0.18984375 0.129 0.046875 0.06
1 0.6759374999999974 0.7625800000000058 0.1140625 0.052559999999999996
1 0.7921875 0.36695999999999995 0.134375 0.061919999999999996
1 0.9304687500000087 0.16711999999999552 0.0734375 0.033839999999999995
1 0.31562500000000043 0.5158600000000001 0.1265625 0.05832
1 0.3381249999999994 0.5052799999999997 0.10625 0.048960000000000004
1 0.9296875 0.6309600000000001 0.134375 0.061919999999999996
1 0.4345312499999993 0.32449999999999773 0.140625 0.0648
