0 0.33359375 0.837 0.015625 0.02
0 0.81484375 0.8273999999999965 0.021875 0.028
0 0.672265625 0.5577000000000022 0.0203125 0.026
0 0.1828125 0.45239999999999864 0.01875 0.024
0 0.555859375 0.526300000000001 0.0296875 0.038
0 0.01640625 0.4069999999999995 0.034375 0.044
0 0.63046875 0.30779999999999996 0.028125 0.036
0 0.39453125 0.15620000000000006 0.034375 0.044
0 0.18671875 0.141 0.046875 0.06
1 0.6706249999999975 0.7659800000000059 0.1140625 0.052559999999999996
1 0.7859375 0.36296 0.134375 0.061919999999999996
1 0.9270312500000086 0.1693199999999955 0.0734375 0.033839999999999995
1 0.3215625000000005 0.5196600000000001 0.1265625 0.05832
1 0.3331249999999994 0.5020799999999997 0.10625 0.048960000000000004
1 0.9234375 0.6269600000000001 0.134375 0.061919999999999996
1 0.4410937499999993 0.3202999999999977 0.140625 0.0648
