0 0.33671875 0.841 0.015625 0.02
0 0.81796875 0.8329999999999964 0.021875 0.028
0 0.669140625 0.5629000000000023 0.0203125 0.026
0 0.1796875 0.45719999999999855 0.01875 0.024
0 0.552734375 0.5339000000000009 0.0296875 0.038
0 0.01328125 0.41579999999999945 0.034375 0.044
0 0.62734375 0.315 0.028125 0.036
0 0.39765625 0.1650000000000001 0.034375 0.044
0 0.18359375 0.153 0.046875 0.06
1 0.6653124999999975 0.7693800000000061 0.1140625 0.052559999999999996
1 0.7796875 0.35896 0.134375 0.061919999999999996
1 0.9235937500000085 0.17151999999999548 0.0734375 0.033839999999999995
1 0.32750000000000046 0.52346 0.1265625 0.05832
1 0.32812499999999944 0.49887999999999966 0.10625 0.048960000000000004
1 0.9171875 0.6229600000000001 0.134375 0.061919999999999996
1 0.4476562499999993 0.31609999999999766 0.140625 0.0648
