0 0.33671875 0.845 0.015625 0.02
0 0.82109375 0.8385999999999962 0.021875 0.028
0 0.669140625 0.5681000000000023 0.0203125 0.026
0 0.1765625 0.4619999999999985 0.01875 0.024
0 0.549609375 0.5415000000000008 0.0296875 0.038
0 0.01015625 0.4245999999999994 0.034375 0.044
0 0.62421875 0.32220000000000004 0.028125 0.036
0 0.39453125 0.1738000000000001 0.034375 0.044
0 0.18671875 0.165 0.046875 0.06
1 0.6599999999999976 0.7727800000000061 0.1140625 0.052559999999999996
1 0.7734375 0.35496 0.134375 0.061919999999999996
1 0.9201562500000084 0.1737199999999955 0.0734375 0.033839999999999995
1 0.3334375000000005 0.52726 0.1265625 0.05832
1 0.32312499999999944 0.4956799999999996 0.10625 0.048960000000000004
1 0.9109375 0.6189600000000001 0.134375 0.061919999999999996
1 0.4542187499999993 0.31189999999999757 0.140625 0.0648
