0 0.33359375 0.849 0.015625 0.02
0 0.82421875 0.8441999999999962 0.021875 0.028
0 0.672265625 0.5733000000000024 0.0203125 0.026
0 0.1765625 0.4667999999999985 0.01875 0.024
0 0.546484375 0.5491000000000007 0.0296875 0.038
0 0.01015625 0.43339999999999934 0.034375 0.044
0 0.62109375 0.3294000000000001 0.028125 0.036
0 0.39140625 0.1826000000000001 0.034375 0.044
0 0.18984375 0.177 0.046875 0.06
1 0.6546874999999976 0.7761800000000062 0.1140625 0.052559999999999996
1 0.7671875 0.35096 0.134375 0.061919999999999996
1 0.9167187500000085 0.17591999999999547 0.0734375 0.033839999999999995
1 0.33937500000000054 0.53106 0.1265625 0.05832
1 0.31812499999999944 0.4924799999999996 0.10625 0.048960000000000004
1 0.9046875 0.6149600000000001 0.134375 0.061919999999999996
1 0.46078124999999925 0.30769999999999753 0.140625 0.0648
