0 0.33046875 0.853 0.015625 0.02
0 0.82109375 0.8497999999999961 0.021875 0.028
0 0.675390625 0.5785000000000023 0.0203125 0.026
0 0.1796875 0.4715999999999984 0.01875 0.024
0 0.546484375 0.5567000000000006 0.0296875 0.038
0 0.01328125 0.4421999999999993 0.034375 0.044
0 0.61796875 0.3366000000000001 0.028125 0.036
0 0.38828125 0.19140000000000013 0.034375 0.044
0 0.19296875 0.189 0.046875 0.06
1 0.6493749999999976 0.7795800000000063 0.1140625 0.052559999999999996
1 0.7609375 0.34696 0.134375 0.061919999999999996
1 0.9132812500000084 0.17811999999999545 0.0734375 0.033839999999999995
1 0.3453125000000005 0.5348599999999999 0.1265625 0.05832
1 0.3131249999999995 0.4892799999999995 0.10625 0.048960000000000004
1 0.8984375 0.6109600000000001 0.134375 0.061919999999999996
1 0.4673437499999992 0.3034999999999975 0.140625 0.0648
