0 0.32734375 0.857 0.015625 0.02
0 0.81796875 0.855399999999996 0.021875 0.028
0 0.678515625 0.5837000000000024 0.0203125 0.026
0 0.1828125 0.4763999999999984 0.01875 0.024
0 0.549609375 0.5643000000000005 0.0296875 0.038
0 0.01640625 0.45099999999999923 0.034375 0.044
0 0.61484375 0.34380000000000016 0.028125 0.036
0 0.38515625 0.20020000000000013 0.034375 0.044
0 0.19609375 0.201 0.046875 0.06
1 0.6440624999999977 0.7829800000000063 0.1140625 0.052559999999999996
1 0.7546875 0.34296 0.134375 0.061919999999999996
1 0.9098437500000083 0.18031999999999546 0.0734375 0.033839999999999995
1 0.35125000000000056 0.5386599999999998 0.1265625 0.05832
1 0.3081249999999995 0.48607999999999946 0.10625 0.048960000000000004
1 0.8921875 0.60696 0.134375 0.061919999999999996
1 0.4739062499999993 0.29929999999999746 0.140625 0.0648
