0 0.32421875 0.861 0.015625 0.02
0 0.81484375 0.8609999999999959 0.021875 0.028
0 0.681640625 0.5889000000000025 0.0203125 0.026
0 0.1859375 0.48119999999999835 0.01875 0.024
0 0.552734375 0.5719000000000004 0.0296875 0.038
0 0.01953125 0.4597999999999992 0.034375 0.044
0 0.61171875 0.3510000000000002 0.028125 0.036
0 0.38203125 0.20900000000000013 0.034375 0.044
0 0.19921875 0.213 0.046875 0.06
1 0.6387499999999977 0.7863800000000065 0.1140625 0.052559999999999996
1 0.7484375 0.33896 0.134375 0.061919999999999996
1 0.9064062500000082 0.18251999999999544 0.0734375 0.033839999999999995
1 0.35718750000000055 0.5424599999999998 0.1265625 0.05832
1 0.30312499999999953 0.4828799999999994 0.10625 0.048960000000000004
1 0.8859375 0.60296 0.134375 0.061919999999999996
1 0.4804687499999994 0.2950999999999974 0.140625 0.0648
