0 0.32109375 0.865 0.015625 0.02
0 0.81171875 0.8665999999999958 0.021875 0.028
0 0.684765625 0.5941000000000025 0.0203125 0.026
0 0.1890625 0.4859999999999983 0.01875 0.024
0 0.555859375 0.5795000000000003 0.0296875 0.038
0 0.02265625 0.4685999999999992 0.034375 0.044
0 0.61484375 0.3582000000000003 0.028125 0.036
0 0.37890625 0.21780000000000016 0.034375 0.044
0 0.20234375 0.225 0.046875 0.06
1 0.6334374999999978 0.7897800000000066 0.1140625 0.052559999999999996
1 0.7421875 0.33496 0.134375 0.061919999999999996
1 0.9029687500000081 0.18471999999999542 0.0734375 0.033839999999999995
1 0.3631250000000006 0.5462599999999997 0.1265625 0.05832
1 0.29812499999999953 0.4796799999999994 0.10625 0.048960000000000004
1 0.8796875 0.59896 0.134375 0.061919999999999996
1 0.48703124999999947 0.2908999999999974 0.140625 0.0648
