0 0.32109375 0.869 0.015625 0.02
0 0.80859375 0.8721999999999958 0.021875 0.028
0 0.684765625 0.5993000000000026 0.0203125 0.026
0 0.1921875 0.49079999999999824 0.01875 0.024
0 0.558984375 0.5871000000000003 0.0296875 0.038
0 0.02578125 0.4773999999999991 0.034375 0.044
0 0.61796875 0.36540000000000034 0.028125 0.036
0 0.38203125 0.22660000000000016 0.034375 0.044
0 0.19921875 0.237 0.046875 0.06
1 0.6281249999999978 0.7931800000000067 0.1140625 0.052559999999999996
1 0.7359375 0.33096 0.134375 0.061919999999999996
1 0.8995312500000081 0.18691999999999542 0.0734375 0.033839999999999995
1 0.3690625000000006 0.5500599999999998 0.1265625 0.05832
1 0.2931249999999995 0.47647999999999935 0.10625 0.048960000000000004
1 0.8734375 0.59496 0.134375 0.061919999999999996
1 0.4935937499999995 0.2866999999999974 0.140625 0.0648
