0 0.32421875 0.873 0.015625 0.02
0 0.80546875 0.8777999999999956 0.021875 0.028
0 0.681640625 0.6045000000000026 0.0203125 0.026
0 0.1921875 0.4955999999999982 0.01875 0.024
0 0.562109375 0.5947000000000001 0.0296875 0.038
0 0.02578125 0.4861999999999991 0.034375 0.044
0 0.62109375 0.3726000000000004 0.028125 0.036
0 0.38515625 0.23540000000000016 0.034375 0.044
0 0.19609375 0.249 0.046875 0.06
1 0.6228124999999978 0.7965800000000067 0.1140625 0.052559999999999996
1 0.7296875 0.32696 0.134375 0.061919999999999996
1 0.896093750000008 0.1891199999999954 0.0734375 0.033839999999999995
1 0.3750000000000006 0.5538599999999997 0.1265625 0.05832
1 0.2881249999999996 0.4732799999999993 0.10625 0.048960000000000004
1 0.8671875 0.59096 0.134375 0.061919999999999996
1 0.5001562499999996 0.28249999999999736 0.140625 0.0648
