0 0.32734375 0.877 0.015625 0.02
0 0.80859375 0.8833999999999955 0.021875 0.028
0 0.678515625 0.6097000000000027 0.0203125 0.026
0 0.1890625 0.5003999999999982 0.01875 0.024
0 0.562109375 0.6023000000000001 0.0296875 0.038
0 0.02265625 0.49499999999999905 0.034375 0.044
0 0.62421875 0.3798000000000004 0.028125 0.036
0 0.38828125 0.2442000000000002 0.034375 0.044
0 0.19296875 0.261 0.046875 0.06
0 0.57890625 0.009800000000000001 0.021875 0.028
1 0.6174999999999978 0.7999800000000068 0.1140625 0.052559999999999996
1 0.7234375 0.32295999999999997 0.134375 0.061919999999999996
1 0.8926562500000079 0.19131999999999538 0.0734375 0.033839999999999995
1 0.38093750000000065 0.5576599999999996 0.1265625 0.05832
1 0.28312499999999957 0.4700799999999992 0.10625 0.048960000000000004
1 0.8609375 0.58696 0.134375 0.061919999999999996
1 0.5067187499999997 0.2782999999999974 0.140625 0.0648
