0 0.33046875 0.881 0.015625 0.02
0 0.81171875 0.8889999999999955 0.021875 0.028
0 0.675390625 0.6149000000000027 0.0203125 0.026
0 0.1859375 0.5051999999999981 0.01875 0.024
0 0.558984375 0.6099 0.0296875 0.038
0 0.01953125 0.503799999999999 0.034375 0.044
0 0.62734375 0.38700000000000045 0.028125 0.036
0 0.39140625 0.2530000000000002 0.034375 0.044
0 0.18984375 0.273 0.046875 0.06
0 0.58203125 0.0154 0.021875 0.028
1 0.6121874999999979 0.803380000000007 0.1140625 0.052559999999999996
1 0.7171875 0.31895999999999997 0.134375 0.061919999999999996
1 0.8892187500000078 0.1935199999999954 0.0734375 0.033839999999999995
1 0.38687500000000064 0.5614599999999996 0.1265625 0.05832
1 0.2781249999999996 0.4668799999999992 0.10625 0.048960000000000004
1 0.8546875 0.58296 0.134375 0.061919999999999996
1 0.5132812499999997 0.2740999999999974 0.140625 0.0648
