0 0.33359375 0.885 0.015625 0.02
0 0.81484375 0.8945999999999954 0.021875 0.028
0 0.672265625 0.6201000000000028 0.0203125 0.026
0 0.1828125 0.5099999999999981 0.01875 0.024
0 0.555859375 0.6174999999999999 0.0296875 0.038
0 0.01640625 0.512599999999999 0.034375 0.044
0 0.63046875 0.3942000000000005 0.028125 0.036
0 0.39453125 0.2618000000000002 0.034375 0.044
0 0.18671875 0.285 0.046875 0.06
0 0.58515625 0.021 0.021875 0.028
1 0.6068749999999979 0.806780000000007 0.1140625 0.052559999999999996
1 0.7234375 0.31495999999999996 0.134375 0.061919999999999996
1 0.8857812500000077 0.19571999999999537 0.0734375 0.033839999999999995
1 0.3928125000000007 0.5652599999999995 0.1265625 0.05832
1 0.2731249999999996 0.46367999999999915 0.10625 0.048960000000000004
1 0.8484375 0.57896 0.134375 0.061919999999999996
1 0.5198437499999998 0.2698999999999974 0.140625 0.0648
