0 0.45625 0.8316000000000021 0.04375 0.056
0 0.46328125 0.5257999999999989 0.034375 0.044
0 0.403125 0.2484000000000004 0.01875 0.024
0 0.2140625 0.4676000000000006 0.04375 0.056
0 0.36328125 0.2825999999999998 0.028125 0.036
0 0.71328125 0.14300000000000002 0.040625 0.052
0 0.687109375 0.029700000000000004 0.0421875 0.054
1 0.37312499999999943 0.7285800000000049 0.1140625 0.052559999999999996
1 0.3656249999999997 0.7208400000000036 0.146875 0.06767999999999999
1 0.3265625 0.69696 0.134375 0.061919999999999996
