0 0.33671875 0.889 0.015625 0.02
0 0.81796875 0.9001999999999952 0.021875 0.028
0 0.669140625 0.6253000000000027 0.0203125 0.026
0 0.1796875 0.514799999999998 0.01875 0.024
0 0.552734375 0.6250999999999998 0.0296875 0.038
0 0.01328125 0.521399999999999 0.034375 0.044
0 0.62734375 0.40140000000000053 0.028125 0.036
0 0.39765625 0.2706000000000002 0.034375 0.044
0 0.18359375 0.297 0.046875 0.06
0 0.58828125 0.026600000000000002 0.021875 0.028
1 0.601562499999998 0.8101800000000071 0.1140625 0.052559999999999996
1 0.7296875 0.31095999999999996 0.134375 0.061919999999999996
1 0.8823437500000078 0.19791999999999535 0.0734375 0.033839999999999995
1 0.3987500000000007 0.5690599999999995 0.1265625 0.05832
1 0.2681249999999996 0.4604799999999991 0.10625 0.048960000000000004
1 0.8421875 0.57496 0.134375 0.061919999999999996
1 0.5264062499999999 0.26569999999999744 0.140625 0.0648
