0 0.33671875 0.893 0.015625 0.02
0 0.82109375 0.9057999999999952 0.021875 0.028
0 0.669140625 0.6305000000000028 0.0203125 0.026
0 0.1765625 0.519599999999998 0.01875 0.024
0 0.549609375 0.6326999999999997 0.0296875 0.038
0 0.01015625 0.5301999999999989 0.034375 0.044
0 0.62421875 0.4086000000000006 0.028125 0.036
0 0.39453125 0.27940000000000015 0.034375 0.044
0 0.18671875 0.309 0.046875 0.06
0 0.59140625 0.0322 0.021875 0.028
1 0.596249999999998 0.8135800000000072 0.1140625 0.052559999999999996
1 0.7359375 0.30695999999999996 0.134375 0.061919999999999996
1 0.8789062500000077 0.20011999999999536 0.0734375 0.033839999999999995
1 0.4046875000000007 0.5728599999999995 0.1265625 0.05832
1 0.26312499999999966 0.4572799999999991 0.10625 0.048960000000000004
1 0.8359375 0.57096 0.134375 0.061919999999999996
1 0.53296875 0.26149999999999746 0.140625 0.0648
