0 0.33359375 0.897 0.015625 0.02
0 0.82421875 0.9113999999999951 0.021875 0.028
0 0.672265625 0.6357000000000029 0.0203125 0.026
0 0.1765625 0.524399999999998 0.01875 0.024
0 0.546484375 0.6402999999999996 0.0296875 0.038
0 0.01015625 0.5389999999999988 0.034375 0.044
0 0.62109375 0.4158000000000006 0.028125 0.036
0 0.39140625 0.2882000000000001 0.034375 0.044
0 0.18984375 0.321 0.046875 0.06
0 0.59453125 0.03780000000000001 0.021875 0.028
0 0.398046875 0.024300000000000002 0.0421875 0.054
1 0.590937499999998 0.8169800000000073 0.1140625 0.052559999999999996
1 0.7421875 0.30296 0.134375 0.061919999999999996
1 0.8754687500000076 0.20231999999999534 0.0734375 0.033839999999999995
1 0.41062500000000074 0.5766599999999994 0.1265625 0.05832
1 0.25812499999999966 0.45407999999999904 0.10625 0.048960000000000004
1 0.8296875 0.56696 0.134375 0.061919999999999996
1 0.53953125 0.2572999999999975 0.140625 0.0648
