0 0.33046875 0.901 0.015625 0.02
0 0.82109375 0.916999999999995 0.021875 0.028
0 0.675390625 0.6409000000000029 0.0203125 0.026
0 0.1796875 0.5291999999999979 0.01875 0.024
0 0.546484375 0.6478999999999995 0.0296875 0.038
0 0.01328125 0.5477999999999988 0.034375 0.044
0 0.61796875 0.4230000000000007 0.028125 0.036
0 0.38828125 0.29700000000000004 0.034375 0.044
0 0.19296875 0.333 0.046875 0.06
0 0.59140625 0.0434 0.021875 0.028
0 0.401171875 0.0351 0.0421875 0.054
1 0.5856249999999981 0.8203800000000074 0.1140625 0.052559999999999996
1 0.7484375 0.29896 0.134375 0.061919999999999996
1 0.8720312500000075 0.20451999999999532 0.0734375 0.033839999999999995
1 0.4165625000000007 0.5804599999999993 0.1265625 0.05832
1 0.2531249999999997 0.45087999999999895 0.10625 0.048960000000000004
1 0.8234375 0.56296 0.134375 0.061919999999999996
1 0.54609375 0.25309999999999744 0.140625 0.0648
