0 0.32734375 0.905 0.015625 0.02
0 0.81796875 0.9225999999999949 0.021875 0.028
0 0.678515625 0.646100000000003 0.0203125 0.026
0 0.1828125 0.5339999999999978 0.01875 0.024
0 0.549609375 0.6554999999999994 0.0296875 0.038
0 0.01640625 0.5565999999999988 0.034375 0.044
0 0.61484375 0.43020000000000075 0.028125 0.036
0 0.38515625 0.3058 0.034375 0.044
0 0.19609375 0.345 0.046875 0.06
0 0.58828125 0.048999999999999995 0.021875 0.028
0 0.404296875 0.045899999999999996 0.0421875 0.054
0 0.286328125 0.011699999999999999 0.0203125 0.026
1 0.5803124999999981 0.8237800000000075 0.1140625 0.052559999999999996
1 0.7546875 0.29496 0.134375 0.061919999999999996
1 0.8685937500000074 0.2067199999999953 0.0734375 0.033839999999999995
1 0.42250000000000076 0.5842599999999993 0.1265625 0.05832
1 0.2481249999999997 0.4476799999999989 0.10625 0.048960000000000004
1 0.8171875 0.55896 0.134375 0.061919999999999996
1 0.5526562500000002 0.24889999999999748 0.140625 0.0648
