0 0.32421875 0.909 0.015625 0.02
0 0.81484375 0.9281999999999948 0.021875 0.028
0 0.681640625 0.651300000000003 0.0203125 0.026
0 0.1859375 0.5387999999999978 0.01875 0.024
0 0.552734375 0.6630999999999994 0.0296875 0.038
0 0.01953125 0.5653999999999987 0.034375 0.044
0 0.61171875 0.4374000000000008 0.028125 0.036
0 0.38203125 0.3146 0.034375 0.044
0 0.19921875 0.357 0.046875 0.06
0 0.58515625 0.05459999999999999 0.021875 0.028
0 0.407421875 0.05669999999999999 0.0421875 0.054
0 0.289453125 0.0169 0.0203125 0.026
1 0.5749999999999982 0.8271800000000076 0.1140625 0.052559999999999996
1 0.7609375 0.29096 0.134375 0.061919999999999996
1 0.8651562500000074 0.2089199999999953 0.0734375 0.033839999999999995
1 0.4284375000000008 0.5880599999999992 0.1265625 0.05832
1 0.24312499999999973 0.4444799999999989 0.10625 0.048960000000000004
1 0.8109375 0.55496 0.134375 0.061919999999999996
1 0.5592187500000002 0.24469999999999748 0.140625 0.0648
