0 0.32109375 0.913 0.015625 0.02
0 0.81171875 0.9337999999999947 0.021875 0.028
0 0.684765625 0.6565000000000031 0.0203125 0.026
0 0.555859375 0.6706999999999993 0.0296875 0.038
0 0.02265625 0.5741999999999987 0.034375 0.044
0 0.61484375 0.44460000000000083 0.028125 0.036
0 0.37890625 0.3233999999999999 0.034375 0.044
0 0.20234375 0.369 0.046875 0.06
0 0.58203125 0.06019999999999998 0.021875 0.028
0 0.410546875 0.0675 0.0421875 0.054
0 0.292578125 0.0221 0.0203125 0.026
1 0.5696874999999981 0.8305800000000076 0.1140625 0.052559999999999996
1 0.7671875 0.28696 0.134375 0.061919999999999996
1 0.8617187500000073 0.21111999999999528 0.0734375 0.033839999999999995
1 0.4343750000000008 0.5918599999999992 0.1265625 0.05832
1 0.23812499999999975 0.44127999999999884 0.10625 0.048960000000000004
1 0.8046875 0.55096 0.134375 0.061919999999999996
1 0.5657812500000003 0.2404999999999975 0.140625 0.0648
