0 0.32109375 0.917 0.015625 0.02
0 0.80859375 0.9393999999999947 0.021875 0.028
0 0.684765625 0.6617000000000031 0.0203125 0.026
0 0.558984375 0.6782999999999991 0.0296875 0.038
0 0.02578125 0.5829999999999986 0.034375 0.044
0 0.61796875 0.45180000000000087 0.028125 0.036
0 0.38203125 0.3321999999999999 0.034375 0.044
0 0.19921875 0.381 0.046875 0.06
0 0.57890625 0.06579999999999998 0.021875 0.028
0 0.410546875 0.0783 0.0421875 0.054
0 0.295703125 0.0273 0.0203125 0.026
1 0.5643749999999982 0.8339800000000077 0.1140625 0.052559999999999996
1 0.7734375 0.28296 0.134375 0.061919999999999996
1 0.8582812500000072 0.21331999999999526 0.0734375 0.033839999999999995
1 0.44031250000000083 0.5956599999999992 0.1265625 0.05832
1 0.23312499999999975 0.4380799999999988 0.10625 0.048960000000000004
1 0.7984375 0.54696 0.134375 0.061919999999999996
1 0.5723437500000004 0.2362999999999975 0.140625 0.0648
