0 0.32421875 0.921 0.015625 0.02
0 0.80546875 0.9449999999999945 0.021875 0.028
0 0.681640625 0.6669000000000032 0.0203125 0.026
0 0.562109375 0.6858999999999991 0.0296875 0.038
0 0.02578125 0.5917999999999985 0.034375 0.044
0 0.62109375 0.4590000000000009 0.028125 0.036
0 0.38515625 0.3409999999999998 0.034375 0.044
0 0.19609375 0.393 0.046875 0.06
0 0.57578125 0.07139999999999998 0.021875 0.028
0 0.407421875 0.08910000000000001 0.0421875 0.054
0 0.298828125 0.0325 0.0203125 0.026
1 0.5590624999999982 0.8373800000000078 0.1140625 0.052559999999999996
1 0.7796875 0.27896 0.134375 0.061919999999999996
1 0.8548437500000071 0.21551999999999527 0.0734375 0.033839999999999995
1 0.4462500000000008 0.5994599999999991 0.1265625 0.05832
1 0.22812499999999977 0.43487999999999877 0.10625 0.048960000000000004
1 0.7921875 0.54296 0.134375 0.061919999999999996
1 0.5789062500000004 0.23209999999999753 0.140625 0.0648
