0 0.32734375 0.925 0.015625 0.02
0 0.80859375 0.9505999999999944 0.021875 0.028
0 0.678515625 0.6721000000000033 0.0203125 0.026
0 0.562109375 0.693499999999999 0.0296875 0.038
0 0.02265625 0.6005999999999986 0.034375 0.044
0 0.62421875 0.46620000000000095 0.028125 0.036
0 0.38828125 0.3497999999999998 0.034375 0.044
0 0.19296875 0.405 0.046875 0.06
0 0.57890625 0.07699999999999997 0.021875 0.028
0 0.404296875 0.09990000000000002 0.0421875 0.054
0 0.298828125 0.037700000000000004 0.0203125 0.026
1 0.5537499999999983 0.840780000000008 0.1140625 0.052559999999999996
1 0.7859375 0.27496 0.134375 0.061919999999999996
1 0.851406250000007 0.21771999999999525 0.0734375 0.033839999999999995
1 0.45218750000000085 0.6032599999999991 0.1265625 0.05832
1 0.2231249999999998 0.4316799999999987 0.10625 0.048960000000000004
1 0.7859375 0.53896 0.134375 0.061919999999999996
1 0.5854687500000005 0.22789999999999752 0.140625 0.0648
