0 0.33046875 0.929 0.015625 0.02
0 0.81171875 0.9561999999999944 0.021875 0.028
0 0.675390625 0.6773000000000032 0.0203125 0.026
0 0.558984375 0.7010999999999988 0.0296875 0.038
0 0.01953125 0.6093999999999985 0.034375 0.044
0 0.62734375 0.473400000000001 0.028125 0.036
0 0.39140625 0.35859999999999975 0.034375 0.044
0 0.18984375 0.417 0.046875 0.06
0 0.58203125 0.08259999999999997 0.021875 0.028
0 0.401171875 0.11070000000000003 0.0421875 0.054
0 0.295703125 0.04290000000000001 0.0203125 0.026
1 0.5484374999999984 0.840780000000008 0.1140625 0.052559999999999996
1 0.7921875 0.27096 0.134375 0.061919999999999996
1 0.847968750000007 0.21991999999999523 0.0734375 0.033839999999999995
1 0.4581250000000009 0.607059999999999 0.1265625 0.05832
1 0.21812499999999982 0.42847999999999864 0.10625 0.048960000000000004
1 0.7796875 0.53496 0.134375 0.061919999999999996
1 0.5920312500000006 0.22369999999999754 0.140625 0.0648
