0 0.33359375 0.933 0.015625 0.02
0 0.81484375 0.9617999999999942 0.021875 0.028
0 0.672265625 0.6825000000000033 0.0203125 0.026
0 0.555859375 0.7086999999999988 0.0296875 0.038
0 0.01640625 0.6181999999999984 0.034375 0.044
0 0.63046875 0.480600000000001 0.028125 0.036
0 0.39453125 0.36739999999999967 0.034375 0.044
0 0.18671875 0.429 0.046875 0.06
0 0.58515625 0.08819999999999996 0.021875 0.028
0 0.398046875 0.12150000000000004 0.0421875 0.054
0 0.292578125 0.04810000000000001 0.0203125 0.026
1 0.5431249999999983 0.8373800000000078 0.1140625 0.052559999999999996
1 0.7984375 0.26696 0.134375 0.061919999999999996
1 0.844531250000007 0.22211999999999524 0.0734375 0.033839999999999995
1 0.4640625000000009 0.610859999999999 0.1265625 0.05832
1 0.21312499999999984 0.4252799999999986 0.10625 0.048960000000000004
1 0.7734375 0.53096 0.134375 0.061919999999999996
1 0.5985937500000007 0.21949999999999756 0.140625 0.0648
