0 0.33671875 0.937 0.015625 0.02
0 0.81796875 0.9673999999999942 0.021875 0.028
0 0.669140625 0.6877000000000033 0.0203125 0.026
0 0.552734375 0.7162999999999987 0.0296875 0.038
0 0.01328125 0.6269999999999984 0.034375 0.044
0 0.62734375 0.48780000000000107 0.028125 0.036
0 0.39765625 0.37619999999999965 0.034375 0.044
0 0.18359375 0.441 0.046875 0.06
0 0.58828125 0.09379999999999995 0.021875 0.028
0 0.394921875 0.13230000000000006 0.0421875 0.054
0 0.289453125 0.053300000000000014 0.0203125 0.026
1 0.5378124999999984 0.8339800000000077 0.1140625 0.052559999999999996
1 0.8046875 0.26295999999999997 0.134375 0.061919999999999996
1 0.8410937500000069 0.22431999999999522 0.0734375 0.033839999999999995
1 0.4700000000000008 0.614659999999999 0.1265625 0.05832
1 0.20812499999999984 0.42207999999999857 0.10625 0.048960000000000004
1 0.7671875 0.52696 0.134375 0.061919999999999996
1 0.6051562500000007 0.21529999999999758 0.140625 0.0648
