0 0.33671875 0.941 0.015625 0.02
0 0.82109375 0.9729999999999941 0.021875 0.028
0 0.669140625 0.6929000000000034 0.0203125 0.026
0 0.549609375 0.7238999999999987 0.0296875 0.038
0 0.01015625 0.6357999999999984 0.034375 0.044
0 0.62421875 0.49500000000000116 0.028125 0.036
0 0.39453125 0.3849999999999996 0.034375 0.044
0 0.18671875 0.453 0.046875 0.06
0 0.59140625 0.09939999999999995 0.021875 0.028
0 0.394921875 0.14310000000000006 0.0421875 0.054
0 0.286328125 0.05850000000000002 0.0203125 0.026
1 0.5324999999999984 0.8305800000000076 0.1140625 0.052559999999999996
1 0.8109375 0.25895999999999997 0.134375 0.061919999999999996
1 0.8376562500000068 0.2265199999999952 0.0734375 0.033839999999999995
1 0.47593750000000073 0.6184599999999989 0.1265625 0.05832
1 0.20312499999999986 0.41887999999999853 0.10625 0.048960000000000004
1 0.7609375 0.5229600000000001 0.134375 0.061919999999999996
1 0.6117187500000008 0.21109999999999757 0.140625 0.0648
