0 0.33359375 0.945 0.015625 0.02
0 0.82421875 0.978599999999994 0.021875 0.028
0 0.672265625 0.6981000000000034 0.0203125 0.026
0 0.546484375 0.7314999999999985 0.0296875 0.038
0 0.01015625 0.6445999999999983 0.034375 0.044
0 0.62109375 0.5022000000000012 0.028125 0.036
0 0.39140625 0.39379999999999954 0.034375 0.044
0 0.18984375 0.465 0.046875 0.06
0 0.59453125 0.10499999999999994 0.021875 0.028
0 0.398046875 0.15390000000000006 0.0421875 0.054
0 0.283203125 0.06370000000000002 0.0203125 0.026
1 0.5271874999999985 0.8271800000000076 0.1140625 0.052559999999999996
1 0.8171875 0.25496 0.134375 0.061919999999999996
1 0.8342187500000067 0.2287199999999952 0.0734375 0.033839999999999995
1 0.48187500000000066 0.6222599999999988 0.1265625 0.05832
1 0.19812499999999988 0.4156799999999985 0.10625 0.048960000000000004
1 0.7546875 0.5189600000000001 0.134375 0.061919999999999996
1 0.6182812500000009 0.20689999999999759 0.140625 0.0648
