0 0.33046875 0.949 0.015625 0.02
0 0.82109375 0.9841999999999939 0.021875 0.028
0 0.675390625 0.7033000000000035 0.0203125 0.026
0 0.546484375 0.7390999999999984 0.0296875 0.038
0 0.01328125 0.6533999999999983 0.034375 0.044
0 0.61796875 0.5094000000000012 0.028125 0.036
0 0.38828125 0.4025999999999995 0.034375 0.044
0 0.19296875 0.477 0.046875 0.06
0 0.59140625 0.11059999999999993 0.021875 0.028
0 0.401171875 0.16470000000000007 0.0421875 0.054
0 0.283203125 0.06890000000000002 0.0203125 0.026
1 0.5218749999999985 0.8237800000000075 0.1140625 0.052559999999999996
1 0.8234375 0.25096 0.134375 0.061919999999999996
1 0.8307812500000067 0.23091999999999518 0.0734375 0.033839999999999995
1 0.4878125000000006 0.6260599999999988 0.1265625 0.05832
1 0.1931249999999999 0.4124799999999984 0.10625 0.048960000000000004
1 0.7484375 0.5149600000000001 0.134375 0.061919999999999996
1 0.6248437500000009 0.2026999999999976 0.140625 0.0648
