0 0.32734375 0.953 0.015625 0.02
0 0.81796875 0.9897999999999938 0.021875 0.028
0 0.678515625 0.7085000000000036 0.0203125 0.026
0 0.01640625 0.6621999999999982 0.034375 0.044
0 0.61484375 0.5166000000000013 0.028125 0.036
0 0.38515625 0.4113999999999995 0.034375 0.044
0 0.19609375 0.489 0.046875 0.06
0 0.58828125 0.11619999999999993 0.021875 0.028
0 0.404296875 0.17550000000000007 0.0421875 0.054
0 0.286328125 0.07410000000000001 0.0203125 0.026
1 0.5165624999999985 0.8203800000000074 0.1140625 0.052559999999999996
1 0.8296875 0.24696 0.134375 0.061919999999999996
1 0.8273437500000066 0.23311999999999516 0.0734375 0.033839999999999995
1 0.4937500000000005 0.6298599999999988 0.1265625 0.05832
1 0.18812499999999993 0.40927999999999837 0.10625 0.048960000000000004
1 0.7421875 0.51096 0.134375 0.061919999999999996
1 0.6314062500000011 0.19849999999999762 0.140625 0.0648
