0 0.32421875 0.957 0.015625 0.02
0 0.81484375 0.9953999999999937 0.021875 0.028
0 0.681640625 0.7137000000000036 0.0203125 0.026
0 0.01953125 0.6709999999999982 0.034375 0.044
0 0.61171875 0.5238000000000013 0.028125 0.036
0 0.38203125 0.4201999999999994 0.034375 0.044
0 0.19921875 0.501 0.046875 0.06
0 0.58515625 0.12179999999999992 0.021875 0.028
0 0.407421875 0.1863000000000001 0.0421875 0.054
0 0.289453125 0.0793 0.0203125 0.026
1 0.5112499999999985 0.8169800000000073 0.1140625 0.052559999999999996
1 0.8359375 0.24296 0.134375 0.061919999999999996
1 0.8239062500000065 0.23531999999999517 0.0734375 0.033839999999999995
1 0.49968750000000045 0.6336599999999987 0.1265625 0.05832
1 0.18312499999999993 0.40607999999999833 0.10625 0.048960000000000004
1 0.7359375 0.50696 0.134375 0.061919999999999996
1 0.6379687500000011 0.1942999999999976 0.140625 0.0648
