0 0.32109375 0.961 0.015625 0.02
0 0.81171875 1.0009999999999937 0.021875 0.028
0 0.684765625 0.7189000000000036 0.0203125 0.026
0 0.02265625 0.6797999999999982 0.034375 0.044
0 0.61484375 0.5310000000000014 0.028125 0.036
0 0.37890625 0.4289999999999994 0.034375 0.044
0 0.20234375 0.513 0.046875 0.06
0 0.58203125 0.12739999999999993 0.021875 0.028
0 0.410546875 0.1971000000000001 0.0421875 0.054
0 0.292578125 0.08449999999999999 0.0203125 0.026
1 0.5059374999999986 0.8135800000000072 0.1140625 0.052559999999999996
1 0.8421875 0.23896 0.134375 0.061919999999999996
1 0.8204687500000064 0.23751999999999515 0.0734375 0.033839999999999995
1 0.5056250000000004 0.6374599999999987 0.1265625 0.05832
1 0.17812499999999995 0.4028799999999983 0.10625 0.048960000000000004
1 0.7296875 0.50296 0.134375 0.061919999999999996
1 0.6445312500000011 0.19009999999999763 0.140625 0.0648
