0 0.32109375 0.965 0.015625 0.02
0 0.80859375 1.0065999999999935 0.021875 0.028
0 0.684765625 0.7241000000000036 0.0203125 0.026
0 0.02578125 0.6885999999999981 0.034375 0.044
0 0.61796875 0.5382000000000015 0.028125 0.036
0 0.38203125 0.43779999999999936 0.034375 0.044
0 0.19921875 0.525 0.046875 0.06
0 0.57890625 0.13299999999999992 0.021875 0.028
0 0.410546875 0.2079000000000001 0.0421875 0.054
0 0.295703125 0.08969999999999997 0.0203125 0.026
1 0.5006249999999987 0.8101800000000071 0.1140625 0.052559999999999996
1 0.8484375 0.23496 0.134375 0.061919999999999996
1 0.8170312500000063 0.23971999999999513 0.0734375 0.033839999999999995
1 0.5115625000000004 0.6412599999999986 0.1265625 0.05832
1 0.17312499999999997 0.39967999999999826 0.10625 0.048960000000000004
1 0.7234375 0.49895999999999996 0.134375 0.061919999999999996
1 0.6510937500000012 0.18589999999999765 0.140625 0.0648
