0 0.4625 0.8540000000000022 0.04375 0.056
0 0.46328125 0.5433999999999989 0.034375 0.044
0 0.409375 0.25800000000000045 0.01875 0.024
0 0.2140625 0.4900000000000007 0.04375 0.056
0 0.36953125 0.2969999999999999 0.028125 0.036
0 0.71953125 0.16379999999999997 0.040625 0.052
0 0.693359375 0.0513 0.0421875 0.054
1 0.38374999999999937 0.7353800000000051 0.1140625 0.052559999999999996
1 0.37937499999999963 0.7296400000000037 0.146875 0.06767999999999999
1 0.3390625 0.70496 0.134375 0.061919999999999996
