0 0.32421875 0.969 0.015625 0.02
0 0.681640625 0.7293000000000037 0.0203125 0.026
0 0.02578125 0.697399999999998 0.034375 0.044
0 0.62109375 0.5454000000000014 0.028125 0.036
0 0.38515625 0.4465999999999993 0.034375 0.044
0 0.19609375 0.537 0.046875 0.06
0 0.57578125 0.13859999999999995 0.021875 0.028
0 0.407421875 0.21870000000000014 0.0421875 0.054
0 0.298828125 0.09489999999999996 0.0203125 0.026
1 0.49531249999999866 0.806780000000007 0.1140625 0.052559999999999996
1 0.8546875 0.23096 0.134375 0.061919999999999996
1 0.8135937500000063 0.24191999999999514 0.0734375 0.033839999999999995
1 0.5175000000000003 0.6450599999999986 0.1265625 0.05832
1 0.168125 0.3964799999999982 0.10625 0.048960000000000004
1 0.7171875 0.49495999999999996 0.134375 0.061919999999999996
1 0.6576562500000013 0.18169999999999767 0.140625 0.0648
