0 0.32734375 0.973 0.015625 0.02
0 0.678515625 0.7345000000000037 0.0203125 0.026
0 0.02265625 0.706199999999998 0.034375 0.044
0 0.62421875 0.5526000000000015 0.028125 0.036
0 0.38828125 0.45539999999999925 0.034375 0.044
0 0.19296875 0.549 0.046875 0.06
0 0.57890625 0.14419999999999997 0.021875 0.028
0 0.404296875 0.22950000000000015 0.0421875 0.054
0 0.298828125 0.10009999999999995 0.0203125 0.026
1 0.4899999999999987 0.803380000000007 0.1140625 0.052559999999999996
1 0.8609375 0.22696 0.134375 0.061919999999999996
1 0.8101562500000062 0.24411999999999512 0.0734375 0.033839999999999995
1 0.5234375000000002 0.6488599999999985 0.1265625 0.05832
1 0.16312500000000002 0.39327999999999813 0.10625 0.048960000000000004
1 0.7109375 0.49095999999999995 0.134375 0.061919999999999996
1 0.6642187500000014 0.17749999999999766 0.140625 0.0648
