0 0.33046875 0.977 0.015625 0.02
0 0.675390625 0.7397000000000038 0.0203125 0.026
0 0.01953125 0.714999999999998 0.034375 0.044
0 0.62734375 0.5598000000000015 0.028125 0.036
0 0.39140625 0.46419999999999917 0.034375 0.044
0 0.18984375 0.561 0.046875 0.06
0 0.58203125 0.1498 0.021875 0.028
0 0.401171875 0.24030000000000015 0.0421875 0.054
0 0.295703125 0.10529999999999994 0.0203125 0.026
1 0.4846874999999987 0.7999800000000068 0.1140625 0.052559999999999996
1 0.8671875 0.22296000000000002 0.134375 0.061919999999999996
1 0.8067187500000061 0.2463199999999951 0.0734375 0.033839999999999995
1 0.5293750000000002 0.6526599999999985 0.1265625 0.05832
1 0.15812500000000002 0.3900799999999981 0.10625 0.048960000000000004
1 0.7046875 0.48696 0.134375 0.061919999999999996
1 0.6707812500000014 0.17329999999999768 0.140625 0.0648
