0 0.33359375 0.981 0.015625 0.02
0 0.672265625 0.7449000000000039 0.0203125 0.026
0 0.01640625 0.7237999999999979 0.034375 0.044
0 0.63046875 0.5670000000000016 0.028125 0.036
0 0.39453125 0.47299999999999914 0.034375 0.044
0 0.18671875 0.573 0.046875 0.06
0 0.58515625 0.1554 0.021875 0.028
0 0.398046875 0.25110000000000016 0.0421875 0.054
0 0.292578125 0.11049999999999993 0.0203125 0.026
1 0.4793749999999988 0.7965800000000067 0.1140625 0.052559999999999996
1 0.8734375 0.21896000000000002 0.134375 0.061919999999999996
1 0.803281250000006 0.2485199999999951 0.0734375 0.033839999999999995
1 0.5353125000000001 0.6564599999999985 0.1265625 0.05832
1 0.15312500000000004 0.38687999999999806 0.10625 0.048960000000000004
1 0.6984375 0.48296 0.134375 0.061919999999999996
1 0.6773437500000015 0.1690999999999977 0.140625 0.0648
