0 0.33671875 0.985 0.015625 0.02
0 0.669140625 0.7501000000000039 0.0203125 0.026
0 0.01328125 0.7325999999999978 0.034375 0.044
0 0.62734375 0.5742000000000016 0.028125 0.036
0 0.39765625 0.4817999999999991 0.034375 0.044
0 0.18359375 0.585 0.046875 0.06
0 0.58828125 0.16100000000000003 0.021875 0.028
0 0.394921875 0.2619000000000002 0.0421875 0.054
0 0.289453125 0.11569999999999991 0.0203125 0.026
1 0.47406249999999883 0.7931800000000067 0.1140625 0.052559999999999996
1 0.8796875 0.21496 0.134375 0.061919999999999996
1 0.799843750000006 0.25071999999999506 0.0734375 0.033839999999999995
1 0.54125 0.6602599999999984 0.1265625 0.05832
1 0.14812500000000003 0.383679999999998 0.10625 0.048960000000000004
1 0.6921875 0.47896 0.134375 0.061919999999999996
1 0.6839062500000016 0.16489999999999772 0.140625 0.0648
