0 0.33671875 0.989 0.015625 0.02
0 0.669140625 0.755300000000004 0.0203125 0.026
0 0.01015625 0.7413999999999978 0.034375 0.044
0 0.62421875 0.5814000000000017 0.028125 0.036
0 0.39453125 0.49059999999999904 0.034375 0.044
0 0.18671875 0.597 0.046875 0.06
0 0.59140625 0.16660000000000005 0.021875 0.028
0 0.394921875 0.27270000000000016 0.0421875 0.054
0 0.286328125 0.12089999999999991 0.0203125 0.026
1 0.46874999999999883 0.7897800000000066 0.1140625 0.052559999999999996
1 0.8859375 0.21096 0.134375 0.061919999999999996
1 0.796406250000006 0.2529199999999951 0.0734375 0.033839999999999995
1 0.5471874999999999 0.6640599999999983 0.1265625 0.05832
1 0.14312500000000003 0.380479999999998 0.10625 0.048960000000000004
1 0.6859375 0.47496 0.134375 0.061919999999999996
1 0.6904687500000016 0.1606999999999977 0.140625 0.0648
