0 0.33046875 0.997 0.015625 0.02
0 0.675390625 0.765700000000004 0.0203125 0.026
0 0.01328125 0.7589999999999977 0.034375 0.044
0 0.38828125 0.508199999999999 0.034375 0.044
0 0.19296875 0.621 0.046875 0.06
0 0.59140625 0.1778000000000001 0.021875 0.028
0 0.401171875 0.29430000000000006 0.0421875 0.054
0 0.283203125 0.1312999999999999 0.0203125 0.026
1 0.4581249999999989 0.7829800000000063 0.1140625 0.052559999999999996
1 0.8984375 0.20296 0.134375 0.061919999999999996
1 0.7895312500000058 0.25731999999999505 0.0734375 0.033839999999999995
1 0.5590624999999998 0.6716599999999983 0.1265625 0.05832
1 0.13312500000000002 0.37407999999999786 0.10625 0.048960000000000004
1 0.6734375 0.46696 0.134375 0.061919999999999996
1 0.7035937500000018 0.15229999999999774 0.140625 0.0648
