0 0.32734375 1.001 0.015625 0.02
0 0.678515625 0.770900000000004 0.0203125 0.026
0 0.01640625 0.7677999999999977 0.034375 0.044
0 0.38515625 0.5169999999999989 0.034375 0.044
0 0.19609375 0.633 0.046875 0.06
0 0.58828125 0.18340000000000012 0.021875 0.028
0 0.404296875 0.30510000000000004 0.0421875 0.054
0 0.286328125 0.1364999999999999 0.0203125 0.026
1 0.45281249999999895 0.7795800000000063 0.1140625 0.052559999999999996
1 0.9046875 0.19896 0.134375 0.061919999999999996
1 0.7860937500000057 0.25951999999999503 0.0734375 0.033839999999999995
1 0.5649999999999997 0.6754599999999982 0.1265625 0.05832
1 0.12812500000000002 0.3708799999999978 0.10625 0.048960000000000004
1 0.6671875 0.46296 0.134375 0.061919999999999996
1 0.7101562500000018 0.14809999999999776 0.140625 0.0648
