0 0.681640625 0.7761000000000041 0.0203125 0.026
0 0.01953125 0.7765999999999976 0.034375 0.044
0 0.38203125 0.5257999999999989 0.034375 0.044
0 0.19921875 0.645 0.046875 0.06
0 0.58515625 0.18900000000000014 0.021875 0.028
0 0.407421875 0.31589999999999996 0.0421875 0.054
0 0.289453125 0.14169999999999988 0.0203125 0.026
1 0.447499999999999 0.7761800000000062 0.1140625 0.052559999999999996
1 0.9109375 0.19496 0.134375 0.061919999999999996
1 0.7826562500000056 0.261719999999995 0.0734375 0.033839999999999995
1 0.5709374999999997 0.6792599999999982 0.1265625 0.05832
1 0.12312500000000001 0.3676799999999978 0.10625 0.048960000000000004
1 0.6609375 0.45896 0.134375 0.061919999999999996
1 0.716718750000002 0.14389999999999775 0.140625 0.0648
