0 0.465625 0.8652000000000022 0.04375 0.056
0 0.46640625 0.5521999999999988 0.034375 0.044
0 0.4125 0.2628000000000004 0.01875 0.024
0 0.2109375 0.5012000000000008 0.04375 0.056
0 0.37265625 0.3041999999999999 0.028125 0.036
0 0.72265625 0.17419999999999997 0.040625 0.052
0 0.696484375 0.062099999999999995 0.0421875 0.054
1 0.3890624999999993 0.7387800000000052 0.1140625 0.052559999999999996
1 0.3862499999999996 0.7340400000000038 0.146875 0.06767999999999999
1 0.3453125 0.70896 0.134375 0.061919999999999996
