0 0.684765625 0.7813000000000042 0.0203125 0.026
0 0.02265625 0.7853999999999975 0.034375 0.044
0 0.37890625 0.5345999999999989 0.034375 0.044
0 0.20234375 0.657 0.046875 0.06
0 0.58203125 0.19460000000000016 0.021875 0.028
0 0.410546875 0.32669999999999993 0.0421875 0.054
0 0.292578125 0.14689999999999986 0.0203125 0.026
1 0.442187499999999 0.7727800000000061 0.1140625 0.052559999999999996
1 0.9171875 0.19096000000000002 0.134375 0.061919999999999996
1 0.7792187500000056 0.263919999999995 0.0734375 0.033839999999999995
1 0.5768749999999996 0.6830599999999981 0.1265625 0.05832
1 0.11812500000000001 0.36447999999999775 0.10625 0.048960000000000004
1 0.6546875 0.45496 0.134375 0.061919999999999996
1 0.723281250000002 0.13969999999999777 0.140625 0.0648
