0 0.684765625 0.7865000000000042 0.0203125 0.026
0 0.02578125 0.7941999999999976 0.034375 0.044
0 0.38203125 0.5433999999999989 0.034375 0.044
0 0.19921875 0.669 0.046875 0.06
0 0.57890625 0.20020000000000018 0.021875 0.028
0 0.410546875 0.3374999999999999 0.0421875 0.054
0 0.295703125 0.15209999999999985 0.0203125 0.026
1 0.43687499999999907 0.7693800000000061 0.1140625 0.052559999999999996
1 0.9234375 0.18696000000000002 0.134375 0.061919999999999996
1 0.7757812500000055 0.266119999999995 0.0734375 0.033839999999999995
1 0.5828124999999995 0.686859999999998 0.1265625 0.05832
1 0.113125 0.3612799999999977 0.10625 0.048960000000000004
1 0.6484375 0.45095999999999997 0.134375 0.061919999999999996
1 0.7298437500000021 0.1354999999999978 0.140625 0.0648
