0 0.681640625 0.7917000000000043 0.0203125 0.026
0 0.02578125 0.8029999999999975 0.034375 0.044
0 0.38515625 0.5521999999999988 0.034375 0.044
0 0.19609375 0.681 0.046875 0.06
0 0.57578125 0.2058000000000002 0.021875 0.028
0 0.407421875 0.34829999999999983 0.0421875 0.054
0 0.298828125 0.15729999999999983 0.0203125 0.026
1 0.43156249999999907 0.7659800000000059 0.1140625 0.052559999999999996
1 0.9296875 0.18296 0.134375 0.061919999999999996
1 0.7723437500000054 0.268319999999995 0.0734375 0.033839999999999995
1 0.5887499999999994 0.690659999999998 0.1265625 0.05832
1 0.108125 0.3580799999999977 0.10625 0.048960000000000004
1 0.6421875 0.44695999999999997 0.134375 0.061919999999999996
1 0.7364062500000021 0.1312999999999978 0.140625 0.0648
