0 0.678515625 0.7969000000000043 0.0203125 0.026
0 0.02265625 0.8117999999999974 0.034375 0.044
0 0.38828125 0.5609999999999987 0.034375 0.044
0 0.19296875 0.693 0.046875 0.06
0 0.57890625 0.21140000000000023 0.021875 0.028
0 0.404296875 0.3590999999999998 0.0421875 0.054
0 0.298828125 0.16249999999999984 0.0203125 0.026
1 0.42624999999999913 0.7625800000000058 0.1140625 0.052559999999999996
1 0.9359375 0.17896 0.134375 0.061919999999999996
1 0.7689062500000053 0.270519999999995 0.0734375 0.033839999999999995
1 0.5946874999999994 0.694459999999998 0.1265625 0.05832
1 0.103125 0.3548799999999976 0.10625 0.048960000000000004
1 0.6359375 0.44295999999999996 0.134375 0.061919999999999996
1 0.7429687500000022 0.1270999999999978 0.140625 0.0648
