0 0.675390625 0.8021000000000044 0.0203125 0.026
0 0.01953125 0.8205999999999974 0.034375 0.044
0 0.39140625 0.5697999999999988 0.034375 0.044
0 0.18984375 0.705 0.046875 0.06
0 0.58203125 0.21700000000000025 0.021875 0.028
0 0.401171875 0.36989999999999973 0.0421875 0.054
0 0.295703125 0.16769999999999982 0.0203125 0.026
1 0.4209374999999992 0.7591800000000057 0.1140625 0.052559999999999996
1 0.9296875 0.17496 0.134375 0.061919999999999996
1 0.7654687500000052 0.27271999999999497 0.0734375 0.033839999999999995
1 0.6006249999999993 0.698259999999998 0.1265625 0.05832
1 0.09812499999999999 0.35167999999999755 0.10625 0.048960000000000004
1 0.6296875 0.43895999999999996 0.134375 0.061919999999999996
1 0.7495312500000023 0.12289999999999782 0.140625 0.0648
