0 0.01640625 0.8293999999999974 0.034375 0.044
0 0.39453125 0.5785999999999987 0.034375 0.044
0 0.18671875 0.717 0.046875 0.06
0 0.58515625 0.22260000000000027 0.021875 0.028
0 0.398046875 0.3806999999999997 0.0421875 0.054
0 0.292578125 0.1728999999999998 0.0203125 0.026
1 0.4156249999999992 0.7557800000000057 0.1140625 0.052559999999999996
1 0.9234375 0.17096 0.134375 0.061919999999999996
1 0.7620312500000053 0.274919999999995 0.0734375 0.033839999999999995
1 0.6065624999999992 0.7020599999999979 0.1265625 0.05832
1 0.09312499999999999 0.3484799999999975 0.10625 0.048960000000000004
1 0.6234375 0.43495999999999996 0.134375 0.061919999999999996
1 0.7560937500000023 0.11869999999999784 0.140625 0.0648
