0 0.01328125 0.8381999999999973 0.034375 0.044
0 0.39765625 0.5873999999999986 0.034375 0.044
0 0.18359375 0.729 0.046875 0.06
0 0.58828125 0.2282000000000003 0.021875 0.028
0 0.394921875 0.3914999999999997 0.0421875 0.054
0 0.289453125 0.1780999999999998 0.0203125 0.026
1 0.41031249999999925 0.7523800000000056 0.1140625 0.052559999999999996
1 0.9171875 0.16696 0.134375 0.061919999999999996
1 0.7585937500000052 0.27711999999999504 0.0734375 0.033839999999999995
1 0.6124999999999992 0.7058599999999978 0.1265625 0.05832
1 0.08812499999999998 0.3452799999999975 0.10625 0.048960000000000004
1 0.6171875 0.43095999999999995 0.134375 0.061919999999999996
1 0.7626562500000025 0.11449999999999784 0.140625 0.0648
