0 0.01015625 0.8469999999999973 0.034375 0.044
0 0.39453125 0.5961999999999986 0.034375 0.044
0 0.18671875 0.741 0.046875 0.06
0 0.59140625 0.2338000000000003 0.021875 0.028
0 0.394921875 0.4022999999999996 0.0421875 0.054
0 0.286328125 0.1832999999999998 0.0203125 0.026
1 0.40499999999999925 0.7489800000000055 0.1140625 0.052559999999999996
1 0.9109375 0.16296000000000002 0.134375 0.061919999999999996
1 0.7551562500000051 0.2793199999999951 0.0734375 0.033839999999999995
1 0.6184374999999991 0.7096599999999978 0.1265625 0.05832
1 0.08312499999999998 0.34207999999999744 0.10625 0.048960000000000004
1 0.6109375 0.42696 0.134375 0.061919999999999996
1 0.7692187500000025 0.11029999999999786 0.140625 0.0648
