0 0.01015625 0.8557999999999972 0.034375 0.044
0 0.39140625 0.6049999999999985 0.034375 0.044
0 0.18984375 0.753 0.046875 0.06
0 0.59453125 0.23940000000000033 0.021875 0.028
0 0.398046875 0.4130999999999996 0.0421875 0.054
0 0.283203125 0.18849999999999978 0.0203125 0.026
1 0.3996874999999993 0.7455800000000053 0.1140625 0.052559999999999996
1 0.9046875 0.15896000000000002 0.134375 0.061919999999999996
1 0.751718750000005 0.28151999999999516 0.0734375 0.033839999999999995
1 0.624374999999999 0.7134599999999978 0.1265625 0.05832
1 0.07812499999999997 0.3388799999999974 0.10625 0.048960000000000004
1 0.6046875 0.42296 0.134375 0.061919999999999996
1 0.7757812500000025 0.10609999999999786 0.140625 0.0648
