0 0.01328125 0.8645999999999971 0.034375 0.044
0 0.38828125 0.6137999999999985 0.034375 0.044
0 0.19296875 0.765 0.046875 0.06
0 0.59140625 0.24500000000000036 0.021875 0.028
0 0.401171875 0.4238999999999995 0.0421875 0.054
0 0.283203125 0.19369999999999976 0.0203125 0.026
1 0.39437499999999936 0.7421800000000053 0.1140625 0.052559999999999996
1 0.8984375 0.15496000000000001 0.134375 0.061919999999999996
1 0.7482812500000049 0.28151999999999516 0.0734375 0.033839999999999995
1 0.6303124999999989 0.7172599999999977 0.1265625 0.05832
1 0.07312499999999998 0.3356799999999973 0.10625 0.048960000000000004
1 0.5984375 0.41896 0.134375 0.061919999999999996
1 0.7823437500000027 0.10189999999999787 0.140625 0.0648
