0 0.46875 0.8764000000000023 0.04375 0.056
0 0.46953125 0.5609999999999987 0.034375 0.044
0 0.409375 0.26760000000000034 0.01875 0.024
0 0.2078125 0.5124000000000007 0.04375 0.056
0 0.37265625 0.31139999999999995 0.028125 0.036
0 0.72578125 0.18459999999999993 0.040625 0.052
0 0.699609375 0.07289999999999999 0.0421875 0.054
1 0.3943749999999993 0.7421800000000053 0.1140625 0.052559999999999996
1 0.39312499999999956 0.7384400000000039 0.146875 0.06767999999999999
1 0.3515625 0.71296 0.134375 0.061919999999999996
