0 0.01640625 0.8733999999999972 0.034375 0.044
0 0.38515625 0.6225999999999984 0.034375 0.044
0 0.19609375 0.777 0.046875 0.06
0 0.58828125 0.2506000000000004 0.021875 0.028
0 0.404296875 0.4346999999999995 0.0421875 0.054
0 0.286328125 0.19889999999999974 0.0203125 0.026
1 0.38906249999999937 0.7387800000000052 0.1140625 0.052559999999999996
1 0.8921875 0.15096 0.134375 0.061919999999999996
1 0.7448437500000049 0.2793199999999951 0.0734375 0.033839999999999995
1 0.6362499999999989 0.7210599999999977 0.1265625 0.05832
1 0.06812499999999998 0.3324799999999973 0.10625 0.048960000000000004
1 0.5921875 0.41496 0.134375 0.061919999999999996
1 0.7889062500000027 0.09769999999999789 0.140625 0.0648
