0 0.01953125 0.8821999999999971 0.034375 0.044
0 0.38203125 0.6313999999999984 0.034375 0.044
0 0.19921875 0.789 0.046875 0.06
0 0.58515625 0.25620000000000037 0.021875 0.028
0 0.407421875 0.44549999999999945 0.0421875 0.054
0 0.289453125 0.20409999999999973 0.0203125 0.026
1 0.3837499999999994 0.7353800000000051 0.1140625 0.052559999999999996
1 0.8859375 0.14696 0.134375 0.061919999999999996
1 0.7414062500000048 0.27711999999999504 0.0734375 0.033839999999999995
1 0.6421874999999988 0.7248599999999976 0.1265625 0.05832
1 0.06312499999999999 0.32927999999999724 0.10625 0.048960000000000004
1 0.5859375 0.41096 0.134375 0.061919999999999996
1 0.7954687500000028 0.09349999999999786 0.140625 0.0648
