0 0.02265625 0.890999999999997 0.034375 0.044
0 0.37890625 0.6401999999999983 0.034375 0.044
0 0.20234375 0.801 0.046875 0.06
0 0.58203125 0.2618000000000004 0.021875 0.028
0 0.410546875 0.4562999999999994 0.0421875 0.054
0 0.292578125 0.20929999999999974 0.0203125 0.026
1 0.3784374999999994 0.7319800000000051 0.1140625 0.052559999999999996
1 0.8796875 0.14296 0.134375 0.061919999999999996
1 0.7379687500000047 0.274919999999995 0.0734375 0.033839999999999995
1 0.6481249999999987 0.7286599999999975 0.1265625 0.05832
1 0.05812499999999998 0.3260799999999972 0.10625 0.048960000000000004
1 0.5796875 0.40696 0.134375 0.061919999999999996
1 0.8020312500000027 0.09349999999999786 0.140625 0.0648
