0 0.02578125 0.899799999999997 0.034375 0.044
0 0.38203125 0.6489999999999982 0.034375 0.044
0 0.19921875 0.813 0.046875 0.06
0 0.57890625 0.2674000000000004 0.021875 0.028
0 0.410546875 0.46709999999999935 0.0421875 0.054
0 0.295703125 0.21449999999999972 0.0203125 0.026
1 0.3731249999999995 0.7285800000000049 0.1140625 0.052559999999999996
1 0.8734375 0.13896 0.134375 0.061919999999999996
1 0.7345312500000046 0.27271999999999497 0.0734375 0.033839999999999995
1 0.6540624999999987 0.7324599999999976 0.1265625 0.05832
1 0.05312499999999999 0.32287999999999717 0.10625 0.048960000000000004
1 0.5734375 0.40296 0.134375 0.061919999999999996
1 0.8085937500000029 0.09769999999999789 0.140625 0.0648
