0 0.02578125 0.908599999999997 0.034375 0.044
0 0.38515625 0.6577999999999983 0.034375 0.044
0 0.19609375 0.825 0.046875 0.06
0 0.57578125 0.27300000000000046 0.021875 0.028
0 0.407421875 0.47789999999999927 0.0421875 0.054
0 0.298828125 0.2196999999999997 0.0203125 0.026
1 0.36781249999999954 0.7251800000000048 0.1140625 0.052559999999999996
1 0.8671875 0.13496 0.134375 0.061919999999999996
1 0.7310937500000045 0.270519999999995 0.0734375 0.033839999999999995
1 0.6599999999999986 0.7362599999999975 0.1265625 0.05832
1 0.05812499999999998 0.31967999999999713 0.10625 0.048960000000000004
1 0.5671875 0.39896 0.134375 0.061919999999999996
1 0.8151562500000029 0.10189999999999787 0.140625 0.0648
