0 0.02265625 0.9173999999999969 0.034375 0.044
0 0.38828125 0.6665999999999982 0.034375 0.044
0 0.19296875 0.837 0.046875 0.06
0 0.57890625 0.27860000000000046 0.021875 0.028
0 0.404296875 0.48869999999999925 0.0421875 0.054
0 0.298828125 0.22489999999999968 0.0203125 0.026
1 0.36249999999999954 0.7217800000000048 0.1140625 0.052559999999999996
1 0.8609375 0.13096000000000002 0.134375 0.061919999999999996
1 0.7276562500000046 0.268319999999995 0.0734375 0.033839999999999995
1 0.6659374999999985 0.7400599999999975 0.1265625 0.05832
1 0.06312499999999999 0.31647999999999704 0.10625 0.048960000000000004
1 0.5609375 0.39496 0.134375 0.061919999999999996
1 0.8217187500000029 0.10609999999999786 0.140625 0.0648
