0 0.01953125 0.9261999999999969 0.034375 0.044
0 0.39140625 0.6753999999999981 0.034375 0.044
0 0.18984375 0.849 0.046875 0.06
0 0.58203125 0.2842000000000005 0.021875 0.028
0 0.401171875 0.4994999999999992 0.0421875 0.054
0 0.295703125 0.2300999999999997 0.0203125 0.026
1 0.3571874999999996 0.7183800000000047 0.1140625 0.052559999999999996
1 0.8546875 0.12696 0.134375 0.061919999999999996
1 0.7242187500000045 0.266119999999995 0.0734375 0.033839999999999995
1 0.6718749999999984 0.7438599999999974 0.1265625 0.05832
1 0.06812499999999998 0.313279999999997 0.10625 0.048960000000000004
1 0.5546875 0.39096 0.134375 0.061919999999999996
1 0.8282812500000031 0.11029999999999786 0.140625 0.0648
