0 0.01640625 0.9349999999999968 0.034375 0.044
0 0.39453125 0.6841999999999981 0.034375 0.044
0 0.18671875 0.861 0.046875 0.06
0 0.58515625 0.2898000000000005 0.021875 0.028
0 0.398046875 0.5102999999999992 0.0421875 0.054
0 0.292578125 0.23529999999999968 0.0203125 0.026
1 0.3518749999999996 0.7149800000000046 0.1140625 0.052559999999999996
1 0.8484375 0.12296 0.134375 0.061919999999999996
1 0.7207812500000044 0.263919999999995 0.0734375 0.033839999999999995
1 0.6778124999999984 0.7476599999999973 0.1265625 0.05832
1 0.07312499999999998 0.31007999999999697 0.10625 0.048960000000000004
1 0.5484375 0.38695999999999997 0.134375 0.061919999999999996
1 0.8348437500000031 0.11449999999999784 0.140625 0.0648
