0 0.01328125 0.9437999999999968 0.034375 0.044
0 0.39765625 0.6929999999999981 0.034375 0.044
0 0.18359375 0.873 0.046875 0.06
0 0.58828125 0.29540000000000055 0.021875 0.028
0 0.394921875 0.5210999999999991 0.0421875 0.054
0 0.289453125 0.24049999999999966 0.0203125 0.026
1 0.34656249999999966 0.7115800000000044 0.1140625 0.052559999999999996
1 0.8421875 0.11896 0.134375 0.061919999999999996
1 0.7173437500000043 0.261719999999995 0.0734375 0.033839999999999995
1 0.6837499999999983 0.7514599999999974 0.1265625 0.05832
1 0.07812499999999997 0.30687999999999693 0.10625 0.048960000000000004
1 0.5421875 0.38295999999999997 0.134375 0.061919999999999996
1 0.8414062500000032 0.11869999999999784 0.140625 0.0648
