0 0.01015625 0.9525999999999967 0.034375 0.044
0 0.39453125 0.701799999999998 0.034375 0.044
0 0.18671875 0.885 0.046875 0.06
0 0.59140625 0.30100000000000054 0.021875 0.028
0 0.394921875 0.531899999999999 0.0421875 0.054
0 0.286328125 0.24569999999999964 0.0203125 0.026
1 0.3412499999999997 0.7081800000000044 0.1140625 0.052559999999999996
1 0.8359375 0.11495999999999999 0.134375 0.061919999999999996
1 0.7139062500000042 0.25951999999999503 0.0734375 0.033839999999999995
1 0.6896874999999982 0.7552599999999973 0.1265625 0.05832
1 0.08312499999999998 0.3036799999999969 0.10625 0.048960000000000004
1 0.5359375 0.37895999999999996 0.134375 0.061919999999999996
1 0.8479687500000033 0.12289999999999782 0.140625 0.0648
