0 0.46875 0.8876000000000023 0.04375 0.056
0 0.47265625 0.5697999999999988 0.034375 0.044
0 0.40625 0.2724000000000003 0.01875 0.024
0 0.2046875 0.5236000000000008 0.04375 0.056
0 0.36953125 0.31860000000000005 0.028125 0.036
0 0.72890625 0.19499999999999992 0.040625 0.052
0 0.696484375 0.0837 0.0421875 0.054
1 0.39968749999999925 0.7421800000000053 0.1140625 0.052559999999999996
1 0.3999999999999995 0.742840000000004 0.146875 0.06767999999999999
1 0.3578125 0.71696 0.134375 0.061919999999999996
