0 0.01015625 0.9613999999999967 0.034375 0.044
0 0.39140625 0.710599999999998 0.034375 0.044
0 0.18984375 0.897 0.046875 0.06
0 0.59453125 0.3066000000000006 0.021875 0.028
0 0.398046875 0.5426999999999991 0.0421875 0.054
0 0.283203125 0.2508999999999996 0.0203125 0.026
0 0.551953125 0.0175 0.0390625 0.05
1 0.3359374999999997 0.7047800000000043 0.1140625 0.052559999999999996
1 0.8296875 0.11095999999999999 0.134375 0.061919999999999996
1 0.7104687500000042 0.25731999999999505 0.0734375 0.033839999999999995
1 0.6956249999999982 0.7590599999999972 0.1265625 0.05832
1 0.08812499999999998 0.3036799999999969 0.10625 0.048960000000000004
1 0.5296875 0.37495999999999996 0.134375 0.061919999999999996
1 0.8545312500000033 0.1270999999999978 0.140625 0.0648
