0 0.01328125 0.9701999999999966 0.034375 0.044
0 0.38828125 0.7193999999999979 0.034375 0.044
0 0.19296875 0.909 0.046875 0.06
0 0.59140625 0.3122000000000006 0.021875 0.028
0 0.401171875 0.553499999999999 0.0421875 0.054
0 0.283203125 0.2560999999999996 0.0203125 0.026
0 0.555078125 0.0275 0.0390625 0.05
1 0.3306249999999998 0.7013800000000042 0.1140625 0.052559999999999996
1 0.8234375 0.10696 0.134375 0.061919999999999996
1 0.7070312500000041 0.2551199999999951 0.0734375 0.033839999999999995
1 0.7015624999999981 0.7628599999999972 0.1265625 0.05832
1 0.09312499999999999 0.30687999999999693 0.10625 0.048960000000000004
1 0.5234375 0.37095999999999996 0.134375 0.061919999999999996
1 0.8610937500000034 0.1312999999999978 0.140625 0.0648
