0 0.01640625 0.9789999999999965 0.034375 0.044
0 0.38515625 0.7281999999999978 0.034375 0.044
0 0.19609375 0.921 0.046875 0.06
0 0.58828125 0.31780000000000064 0.021875 0.028
0 0.404296875 0.5642999999999989 0.0421875 0.054
0 0.286328125 0.2612999999999996 0.0203125 0.026
0 0.558203125 0.0375 0.0390625 0.05
1 0.3253124999999998 0.6979800000000042 0.1140625 0.052559999999999996
1 0.8171875 0.10296 0.134375 0.061919999999999996
1 0.703593750000004 0.2529199999999951 0.0734375 0.033839999999999995
1 0.707499999999998 0.7666599999999971 0.1265625 0.05832
1 0.09812499999999999 0.31007999999999697 0.10625 0.048960000000000004
1 0.5171875 0.36695999999999995 0.134375 0.061919999999999996
1 0.8610937500000034 0.1354999999999978 0.140625 0.0648
