0 0.01953125 0.9877999999999966 0.034375 0.044
0 0.38203125 0.7369999999999979 0.034375 0.044
0 0.19921875 0.933 0.046875 0.06
0 0.58515625 0.3234000000000007 0.021875 0.028
0 0.407421875 0.5750999999999988 0.0421875 0.054
0 0.289453125 0.2664999999999997 0.0203125 0.026
0 0.561328125 0.0475 0.0390625 0.05
1 0.31999999999999984 0.694580000000004 0.1140625 0.052559999999999996
1 0.8109375 0.09895999999999999 0.134375 0.061919999999999996
1 0.7001562500000039 0.25071999999999506 0.0734375 0.033839999999999995
1 0.713437499999998 0.770459999999997 0.1265625 0.05832
1 0.103125 0.313279999999997 0.10625 0.048960000000000004
1 0.5109375 0.36296 0.134375 0.061919999999999996
1 0.8545312500000033 0.13969999999999777 0.140625 0.0648
