0 0.02265625 0.9965999999999965 0.034375 0.044
0 0.37890625 0.7457999999999978 0.034375 0.044
0 0.20234375 0.945 0.046875 0.06
0 0.58203125 0.3290000000000007 0.021875 0.028
0 0.410546875 0.5858999999999989 0.0421875 0.054
0 0.292578125 0.2716999999999997 0.0203125 0.026
0 0.564453125 0.0575 0.0390625 0.05
1 0.3146874999999999 0.6911800000000039 0.1140625 0.052559999999999996
1 0.8046875 0.09495999999999999 0.134375 0.061919999999999996
1 0.6967187500000038 0.2485199999999951 0.0734375 0.033839999999999995
1 0.7193749999999979 0.7742599999999971 0.1265625 0.05832
1 0.108125 0.31647999999999704 0.10625 0.048960000000000004
1 0.5046875 0.35896 0.134375 0.061919999999999996
1 0.8479687500000033 0.14389999999999775 0.140625 0.0648
