0 0.02578125 1.0053999999999965 0.034375 0.044
0 0.38203125 0.7545999999999977 0.034375 0.044
0 0.19921875 0.957 0.046875 0.06
0 0.57890625 0.33460000000000073 0.021875 0.028
0 0.410546875 0.5966999999999988 0.0421875 0.054
0 0.295703125 0.27689999999999976 0.0203125 0.026
0 0.567578125 0.0675 0.0390625 0.05
0 0.71328125 0.007 0.015625 0.02
1 0.3093749999999999 0.6877800000000038 0.1140625 0.052559999999999996
1 0.7984375 0.09096 0.134375 0.061919999999999996
1 0.6932812500000038 0.2463199999999951 0.0734375 0.033839999999999995
1 0.7253124999999978 0.778059999999997 0.1265625 0.05832
1 0.113125 0.31967999999999713 0.10625 0.048960000000000004
1 0.4984375 0.35496 0.134375 0.061919999999999996
1 0.8414062500000032 0.14809999999999776 0.140625 0.0648
