0 0.38515625 0.7633999999999977 0.034375 0.044
0 0.19609375 0.969 0.046875 0.06
0 0.57578125 0.3402000000000007 0.021875 0.028
0 0.407421875 0.6074999999999987 0.0421875 0.054
0 0.298828125 0.2820999999999998 0.0203125 0.026
0 0.564453125 0.0775 0.0390625 0.05
0 0.71640625 0.011 0.015625 0.02
1 0.30406249999999996 0.6843800000000038 0.1140625 0.052559999999999996
1 0.7921875 0.09096 0.134375 0.061919999999999996
1 0.6898437500000038 0.24411999999999512 0.0734375 0.033839999999999995
1 0.7312499999999977 0.7818599999999969 0.1265625 0.05832
1 0.11812500000000001 0.32287999999999717 0.10625 0.048960000000000004
1 0.4921875 0.35096 0.134375 0.061919999999999996
1 0.8348437500000031 0.15229999999999774 0.140625 0.0648
