0 0.38828125 0.7721999999999977 0.034375 0.044
0 0.19296875 0.981 0.046875 0.06
0 0.57890625 0.3458000000000008 0.021875 0.028
0 0.404296875 0.6182999999999987 0.0421875 0.054
0 0.298828125 0.28729999999999983 0.0203125 0.026
0 0.561328125 0.0875 0.0390625 0.05
0 0.71953125 0.015 0.015625 0.02
1 0.29874999999999996 0.6809800000000037 0.1140625 0.052559999999999996
1 0.7859375 0.09495999999999999 0.134375 0.061919999999999996
1 0.6864062500000037 0.24191999999999514 0.0734375 0.033839999999999995
1 0.7371874999999977 0.7856599999999969 0.1265625 0.05832
1 0.12312500000000001 0.3260799999999972 0.10625 0.048960000000000004
1 0.4859375 0.34696 0.134375 0.061919999999999996
1 0.8282812500000031 0.15649999999999772 0.140625 0.0648
