0 0.675390625 0.9269000000000054 0.0203125 0.026
0 0.39140625 0.7809999999999976 0.034375 0.044
0 0.18984375 0.993 0.046875 0.06
0 0.58203125 0.35140000000000077 0.021875 0.028
0 0.401171875 0.6290999999999987 0.0421875 0.054
0 0.295703125 0.29249999999999987 0.0203125 0.026
0 0.558203125 0.0975 0.0390625 0.05
0 0.72265625 0.019 0.015625 0.02
1 0.2934375 0.6775800000000035 0.1140625 0.052559999999999996
1 0.7796875 0.09895999999999999 0.134375 0.061919999999999996
1 0.6829687500000036 0.23971999999999513 0.0734375 0.033839999999999995
1 0.7431249999999976 0.7894599999999968 0.1265625 0.05832
1 0.12812500000000002 0.32927999999999724 0.10625 0.048960000000000004
1 0.4796875 0.34296 0.134375 0.061919999999999996
1 0.8217187500000029 0.1606999999999977 0.140625 0.0648
