0 0.672265625 0.9321000000000055 0.0203125 0.026
0 0.39453125 0.7897999999999976 0.034375 0.044
0 0.18671875 1.005 0.046875 0.06
0 0.58515625 0.3570000000000008 0.021875 0.028
0 0.398046875 0.6398999999999986 0.0421875 0.054
0 0.292578125 0.2976999999999999 0.0203125 0.026
0 0.555078125 0.1075 0.0390625 0.05
0 0.72578125 0.023 0.015625 0.02
1 0.2881250000000001 0.6741800000000034 0.1140625 0.052559999999999996
1 0.7734375 0.10296 0.134375 0.061919999999999996
1 0.6795312500000035 0.23751999999999515 0.0734375 0.033839999999999995
1 0.7490624999999975 0.7932599999999969 0.1265625 0.05832
1 0.13312500000000002 0.3324799999999973 0.10625 0.048960000000000004
1 0.4734375 0.33896 0.134375 0.061919999999999996
1 0.8151562500000029 0.16489999999999772 0.140625 0.0648
