0 0.465625 0.8988000000000024 0.04375 0.056
0 0.47578125 0.5785999999999987 0.034375 0.044
0 0.403125 0.2772000000000003 0.01875 0.024
0 0.2015625 0.5348000000000008 0.04375 0.056
0 0.36640625 0.3258000000000001 0.028125 0.036
0 0.72578125 0.2053999999999999 0.040625 0.052
0 0.693359375 0.09450000000000001 0.0421875 0.054
1 0.4049999999999992 0.7387800000000052 0.1140625 0.052559999999999996
1 0.40687499999999943 0.7472400000000041 0.146875 0.06767999999999999
1 0.3640625 0.72096 0.134375 0.061919999999999996
