0 0.669140625 0.9373000000000056 0.0203125 0.026
0 0.39765625 0.7985999999999975 0.034375 0.044
0 0.58828125 0.3626000000000008 0.021875 0.028
0 0.394921875 0.6506999999999986 0.0421875 0.054
0 0.289453125 0.3029 0.0203125 0.026
0 0.551953125 0.1175 0.0390625 0.05
0 0.72890625 0.027 0.015625 0.02
1 0.2828125000000001 0.6707800000000034 0.1140625 0.052559999999999996
1 0.7671875 0.10696 0.134375 0.061919999999999996
1 0.6760937500000035 0.23531999999999517 0.0734375 0.033839999999999995
1 0.7549999999999975 0.7970599999999968 0.1265625 0.05832
1 0.13812500000000003 0.3356799999999973 0.10625 0.048960000000000004
1 0.4671875 0.33496 0.134375 0.061919999999999996
1 0.8085937500000029 0.1690999999999977 0.140625 0.0648
