0 0.669140625 0.9425000000000056 0.0203125 0.026
0 0.39453125 0.8073999999999975 0.034375 0.044
0 0.59140625 0.36820000000000086 0.021875 0.028
0 0.394921875 0.6614999999999985 0.0421875 0.054
0 0.286328125 0.30810000000000004 0.0203125 0.026
0 0.548828125 0.1275 0.0390625 0.05
0 0.72578125 0.031 0.015625 0.02
1 0.27750000000000014 0.6673800000000033 0.1140625 0.052559999999999996
1 0.7609375 0.11095999999999999 0.134375 0.061919999999999996
1 0.6726562500000034 0.23311999999999516 0.0734375 0.033839999999999995
1 0.7609374999999974 0.8008599999999967 0.1265625 0.05832
1 0.14312500000000003 0.3388799999999974 0.10625 0.048960000000000004
1 0.4609375 0.33096 0.134375 0.061919999999999996
1 0.8020312500000027 0.17329999999999768 0.140625 0.0648
