0 0.672265625 0.9477000000000056 0.0203125 0.026
0 0.39140625 0.8161999999999975 0.034375 0.044
0 0.59453125 0.37380000000000085 0.021875 0.028
0 0.398046875 0.6722999999999985 0.0421875 0.054
0 0.283203125 0.3133000000000001 0.0203125 0.026
0 0.551953125 0.1375 0.0390625 0.05
0 0.72265625 0.035 0.015625 0.02
1 0.27218750000000014 0.6639800000000032 0.1140625 0.052559999999999996
1 0.7546875 0.11495999999999999 0.134375 0.061919999999999996
1 0.6692187500000033 0.23091999999999518 0.0734375 0.033839999999999995
1 0.7668749999999973 0.8046599999999967 0.1265625 0.05832
1 0.14812500000000003 0.34207999999999744 0.10625 0.048960000000000004
1 0.4546875 0.32696 0.134375 0.061919999999999996
1 0.7954687500000028 0.17749999999999766 0.140625 0.0648
