0 0.675390625 0.9529000000000056 0.0203125 0.026
0 0.38828125 0.8249999999999974 0.034375 0.044
0 0.59140625 0.3794000000000009 0.021875 0.028
0 0.401171875 0.6830999999999985 0.0421875 0.054
0 0.283203125 0.3185000000000001 0.0203125 0.026
0 0.555078125 0.1475 0.0390625 0.05
0 0.71953125 0.039 0.015625 0.02
1 0.2668750000000002 0.6605800000000032 0.1140625 0.052559999999999996
1 0.7484375 0.11896 0.134375 0.061919999999999996
1 0.6657812500000032 0.2287199999999952 0.0734375 0.033839999999999995
1 0.7728124999999972 0.8084599999999966 0.1265625 0.05832
1 0.15312500000000004 0.3452799999999975 0.10625 0.048960000000000004
1 0.4484375 0.32295999999999997 0.134375 0.061919999999999996
1 0.7889062500000027 0.18169999999999767 0.140625 0.0648
