0 0.678515625 0.9581000000000057 0.0203125 0.026
0 0.38515625 0.8337999999999973 0.034375 0.044
0 0.58828125 0.3850000000000009 0.021875 0.028
0 0.404296875 0.6938999999999984 0.0421875 0.054
0 0.286328125 0.32370000000000015 0.0203125 0.026
0 0.558203125 0.1575 0.0390625 0.05
0 0.71640625 0.043 0.015625 0.02
1 0.26156250000000025 0.657180000000003 0.1140625 0.052559999999999996
1 0.7421875 0.12296 0.134375 0.061919999999999996
1 0.6623437500000031 0.2265199999999952 0.0734375 0.033839999999999995
1 0.7787499999999972 0.8122599999999965 0.1265625 0.05832
1 0.15812500000000002 0.3484799999999975 0.10625 0.048960000000000004
1 0.4421875 0.31895999999999997 0.134375 0.061919999999999996
1 0.7823437500000027 0.18589999999999765 0.140625 0.0648
