0 0.681640625 0.9633000000000057 0.0203125 0.026
0 0.38203125 0.8425999999999972 0.034375 0.044
0 0.58515625 0.39060000000000095 0.021875 0.028
0 0.407421875 0.7046999999999983 0.0421875 0.054
0 0.289453125 0.3289000000000002 0.0203125 0.026
0 0.561328125 0.1675 0.0390625 0.05
0 0.71328125 0.047 0.015625 0.02
1 0.25625000000000026 0.6537800000000029 0.1140625 0.052559999999999996
1 0.7359375 0.12696 0.134375 0.061919999999999996
1 0.6589062500000031 0.22431999999999522 0.0734375 0.033839999999999995
1 0.7846874999999971 0.8160599999999966 0.1265625 0.05832
1 0.16312500000000002 0.35167999999999755 0.10625 0.048960000000000004
1 0.4359375 0.31495999999999996 0.134375 0.061919999999999996
1 0.7757812500000025 0.19009999999999763 0.140625 0.0648
