0 0.684765625 0.9685000000000058 0.0203125 0.026
0 0.37890625 0.8513999999999973 0.034375 0.044
0 0.58203125 0.39620000000000094 0.021875 0.028
0 0.410546875 0.7154999999999982 0.0421875 0.054
0 0.292578125 0.33410000000000023 0.0203125 0.026
0 0.564453125 0.1775 0.0390625 0.05
0 0.71015625 0.051 0.015625 0.02
1 0.2509375000000002 0.6503800000000028 0.1140625 0.052559999999999996
1 0.7296875 0.13096000000000002 0.134375 0.061919999999999996
1 0.655468750000003 0.22211999999999524 0.0734375 0.033839999999999995
1 0.790624999999997 0.8198599999999965 0.1265625 0.05832
1 0.168125 0.3548799999999976 0.10625 0.048960000000000004
1 0.4296875 0.31095999999999996 0.134375 0.061919999999999996
1 0.7692187500000025 0.1942999999999976 0.140625 0.0648
