0 0.684765625 0.9737000000000059 0.0203125 0.026
0 0.38203125 0.8601999999999972 0.034375 0.044
0 0.57890625 0.401800000000001 0.021875 0.028
0 0.410546875 0.7262999999999983 0.0421875 0.054
0 0.295703125 0.33930000000000027 0.0203125 0.026
0 0.567578125 0.1875 0.0390625 0.05
0 0.71328125 0.055 0.015625 0.02
1 0.24562500000000026 0.6469800000000028 0.1140625 0.052559999999999996
1 0.7234375 0.13496 0.134375 0.061919999999999996
1 0.652031250000003 0.21991999999999523 0.0734375 0.033839999999999995
1 0.796562499999997 0.8236599999999964 0.1265625 0.05832
1 0.17312499999999997 0.3580799999999977 0.10625 0.048960000000000004
1 0.4234375 0.30695999999999996 0.134375 0.061919999999999996
1 0.7626562500000025 0.19849999999999762 0.140625 0.0648
