0 0.681640625 0.9789000000000059 0.0203125 0.026
0 0.38515625 0.8689999999999971 0.034375 0.044
0 0.57578125 0.407400000000001 0.021875 0.028
0 0.407421875 0.7370999999999982 0.0421875 0.054
0 0.298828125 0.34450000000000036 0.0203125 0.026
0 0.564453125 0.1975 0.0390625 0.05
0 0.71640625 0.059 0.015625 0.02
1 0.2403125000000002 0.6435800000000027 0.1140625 0.052559999999999996
1 0.7171875 0.13896 0.134375 0.061919999999999996
1 0.6485937500000029 0.21771999999999525 0.0734375 0.033839999999999995
1 0.8024999999999969 0.8274599999999964 0.1265625 0.05832
1 0.17812499999999995 0.3612799999999977 0.10625 0.048960000000000004
1 0.4171875 0.30296 0.134375 0.061919999999999996
1 0.7560937500000023 0.2026999999999976 0.140625 0.0648
