0 0.678515625 0.984100000000006 0.0203125 0.026
0 0.38828125 0.8777999999999971 0.034375 0.044
0 0.57890625 0.41300000000000103 0.021875 0.028
0 0.404296875 0.7478999999999981 0.0421875 0.054
0 0.298828125 0.3497000000000004 0.0203125 0.026
0 0.561328125 0.2075 0.0390625 0.05
0 0.71953125 0.063 0.015625 0.02
1 0.23500000000000024 0.6401800000000025 0.1140625 0.052559999999999996
1 0.7109375 0.14296 0.134375 0.061919999999999996
1 0.6451562500000028 0.21551999999999527 0.0734375 0.033839999999999995
1 0.8084374999999968 0.8312599999999963 0.1265625 0.05832
1 0.18312499999999993 0.36447999999999775 0.10625 0.048960000000000004
1 0.4109375 0.29896 0.134375 0.061919999999999996
1 0.7495312500000023 0.20689999999999759 0.140625 0.0648
