0 0.4625 0.9100000000000024 0.04375 0.056
0 0.47890625 0.5873999999999986 0.034375 0.044
0 0.4 0.28200000000000025 0.01875 0.024
0 0.1984375 0.5460000000000009 0.04375 0.056
0 0.36328125 0.33300000000000013 0.028125 0.036
0 0.72265625 0.21579999999999988 0.040625 0.052
0 0.690234375 0.10530000000000003 0.0421875 0.054
1 0.41031249999999914 0.7353800000000051 0.1140625 0.052559999999999996
1 0.4137499999999994 0.7516400000000042 0.146875 0.06767999999999999
1 0.3703125 0.72496 0.134375 0.061919999999999996
