0 0.675390625 0.989300000000006 0.0203125 0.026
0 0.39140625 0.8865999999999971 0.034375 0.044
0 0.58203125 0.418600000000001 0.021875 0.028
0 0.401171875 0.7586999999999982 0.0421875 0.054
0 0.295703125 0.35490000000000044 0.0203125 0.026
0 0.558203125 0.2175 0.0390625 0.05
0 0.72265625 0.067 0.015625 0.02
1 0.22968750000000018 0.6367800000000025 0.1140625 0.052559999999999996
1 0.7046875 0.14696 0.134375 0.061919999999999996
1 0.6417187500000028 0.21331999999999526 0.0734375 0.033839999999999995
1 0.8143749999999967 0.8350599999999964 0.1265625 0.05832
1 0.18812499999999993 0.3676799999999978 0.10625 0.048960000000000004
1 0.4046875 0.29496 0.134375 0.061919999999999996
1 0.7429687500000022 0.21109999999999757 0.140625 0.0648
