0 0.672265625 0.994500000000006 0.0203125 0.026
0 0.39453125 0.895399999999997 0.034375 0.044
0 0.58515625 0.4242000000000011 0.021875 0.028
0 0.398046875 0.7694999999999981 0.0421875 0.054
0 0.292578125 0.3601000000000005 0.0203125 0.026
0 0.555078125 0.2275 0.0390625 0.05
0 0.72578125 0.071 0.015625 0.02
1 0.2243750000000002 0.6333800000000024 0.1140625 0.052559999999999996
1 0.6984375 0.15096 0.134375 0.061919999999999996
1 0.6382812500000027 0.21111999999999528 0.0734375 0.033839999999999995
1 0.8203124999999967 0.8388599999999963 0.1265625 0.05832
1 0.1931249999999999 0.3708799999999978 0.10625 0.048960000000000004
1 0.3984375 0.29096 0.134375 0.061919999999999996
1 0.7364062500000021 0.21529999999999758 0.140625 0.0648
