0 0.669140625 0.999700000000006 0.0203125 0.026
0 0.39765625 0.904199999999997 0.034375 0.044
0 0.58828125 0.42980000000000107 0.021875 0.028
0 0.394921875 0.780299999999998 0.0421875 0.054
0 0.289453125 0.3653000000000005 0.0203125 0.026
0 0.551953125 0.2375 0.0390625 0.05
0 0.72890625 0.075 0.015625 0.02
0 0.7859375 0.014 0.03125 0.04
1 0.21906250000000016 0.6299800000000023 0.1140625 0.052559999999999996
1 0.6921875 0.15496000000000001 0.134375 0.061919999999999996
1 0.6348437500000026 0.2089199999999953 0.0734375 0.033839999999999995
1 0.8262499999999966 0.8426599999999962 0.1265625 0.05832
1 0.19812499999999988 0.37407999999999786 0.10625 0.048960000000000004
1 0.3921875 0.28696 0.134375 0.061919999999999996
1 0.7298437500000021 0.21949999999999756 0.140625 0.0648
