0 0.669140625 1.0049000000000061 0.0203125 0.026
0 0.39453125 0.9129999999999969 0.034375 0.044
0 0.59140625 0.4354000000000011 0.021875 0.028
0 0.394921875 0.791099999999998 0.0421875 0.054
0 0.286328125 0.37050000000000055 0.0203125 0.026
0 0.548828125 0.2475 0.0390625 0.05
0 0.72578125 0.079 0.015625 0.02
0 0.7890625 0.022 0.03125 0.04
1 0.2137500000000002 0.6265800000000022 0.1140625 0.052559999999999996
1 0.6859375 0.15896000000000002 0.134375 0.061919999999999996
1 0.6314062500000025 0.2067199999999953 0.0734375 0.033839999999999995
1 0.8321874999999965 0.8464599999999962 0.1265625 0.05832
1 0.20312499999999986 0.37727999999999795 0.10625 0.048960000000000004
1 0.3859375 0.28296 0.134375 0.061919999999999996
1 0.723281250000002 0.22369999999999754 0.140625 0.0648
