0 0.39140625 0.9217999999999968 0.034375 0.044
0 0.59453125 0.4410000000000011 0.021875 0.028
0 0.398046875 0.801899999999998 0.0421875 0.054
0 0.283203125 0.3757000000000006 0.0203125 0.026
0 0.551953125 0.2575 0.0390625 0.05
0 0.72265625 0.083 0.015625 0.02
0 0.7921875 0.03 0.03125 0.04
1 0.20843750000000014 0.6231800000000021 0.1140625 0.052559999999999996
1 0.6796875 0.16296000000000002 0.134375 0.061919999999999996
1 0.6279687500000024 0.20451999999999532 0.0734375 0.033839999999999995
1 0.8381249999999965 0.8502599999999961 0.1265625 0.05832
1 0.20812499999999984 0.380479999999998 0.10625 0.048960000000000004
1 0.3796875 0.27896 0.134375 0.061919999999999996
1 0.716718750000002 0.22789999999999752 0.140625 0.0648
