0 0.38828125 0.9305999999999969 0.034375 0.044
0 0.59140625 0.44660000000000116 0.021875 0.028
0 0.401171875 0.8126999999999979 0.0421875 0.054
0 0.283203125 0.3809000000000007 0.0203125 0.026
0 0.555078125 0.2675 0.0390625 0.05
0 0.71953125 0.087 0.015625 0.02
0 0.7953125 0.038 0.03125 0.04
1 0.20312500000000017 0.619780000000002 0.1140625 0.052559999999999996
1 0.6734375 0.16696 0.134375 0.061919999999999996
1 0.6245312500000024 0.20231999999999534 0.0734375 0.033839999999999995
1 0.8440624999999964 0.854059999999996 0.1265625 0.05832
1 0.21312499999999984 0.383679999999998 0.10625 0.048960000000000004
1 0.3734375 0.27496 0.134375 0.061919999999999996
1 0.7101562500000018 0.23209999999999753 0.140625 0.0648
