0 0.38515625 0.9393999999999968 0.034375 0.044
0 0.58828125 0.45220000000000116 0.021875 0.028
0 0.404296875 0.8234999999999978 0.0421875 0.054
0 0.286328125 0.3861000000000007 0.0203125 0.026
0 0.558203125 0.2775 0.0390625 0.05
0 0.71640625 0.091 0.015625 0.02
0 0.7984375 0.046 0.03125 0.04
1 0.19781250000000014 0.6163800000000019 0.1140625 0.052559999999999996
1 0.6671875 0.17096 0.134375 0.061919999999999996
1 0.6210937500000023 0.20011999999999536 0.0734375 0.033839999999999995
1 0.8499999999999963 0.8578599999999961 0.1265625 0.05832
1 0.21812499999999982 0.38687999999999806 0.10625 0.048960000000000004
1 0.3671875 0.27096 0.134375 0.061919999999999996
1 0.7035937500000018 0.2362999999999975 0.140625 0.0648
