0 0.38203125 0.9481999999999967 0.034375 0.044
0 0.58515625 0.4578000000000012 0.021875 0.028
0 0.407421875 0.8342999999999978 0.0421875 0.054
0 0.289453125 0.39130000000000076 0.0203125 0.026
0 0.561328125 0.2875 0.0390625 0.05
0 0.71328125 0.095 0.015625 0.02
0 0.8015625 0.054 0.03125 0.04
1 0.19250000000000014 0.6129800000000019 0.1140625 0.052559999999999996
1 0.6609375 0.17496 0.134375 0.061919999999999996
1 0.6176562500000022 0.19791999999999535 0.0734375 0.033839999999999995
1 0.8559374999999962 0.861659999999996 0.1265625 0.05832
1 0.2231249999999998 0.3900799999999981 0.10625 0.048960000000000004
1 0.3609375 0.26696 0.134375 0.061919999999999996
1 0.6970312500000018 0.2404999999999975 0.140625 0.0648
