0 0.37890625 0.9569999999999967 0.034375 0.044
0 0.58203125 0.46340000000000126 0.021875 0.028
0 0.410546875 0.8450999999999977 0.0421875 0.054
0 0.564453125 0.2975 0.0390625 0.05
0 0.71015625 0.099 0.015625 0.02
0 0.7984375 0.062 0.03125 0.04
1 0.18718750000000012 0.6095800000000018 0.1140625 0.052559999999999996
1 0.6546875 0.17896 0.134375 0.061919999999999996
1 0.6142187500000021 0.19571999999999537 0.0734375 0.033839999999999995
1 0.8618749999999962 0.8654599999999959 0.1265625 0.05832
1 0.22812499999999977 0.39327999999999813 0.10625 0.048960000000000004
1 0.3546875 0.26295999999999997 0.134375 0.061919999999999996
1 0.6904687500000016 0.24469999999999748 0.140625 0.0648
