0 0.38203125 0.9657999999999967 0.034375 0.044
0 0.57890625 0.46900000000000125 0.021875 0.028
0 0.410546875 0.8558999999999977 0.0421875 0.054
0 0.567578125 0.3075 0.0390625 0.05
0 0.71328125 0.103 0.015625 0.02
0 0.7953125 0.07 0.03125 0.04
1 0.18187500000000012 0.6061800000000016 0.1140625 0.052559999999999996
1 0.6484375 0.18296 0.134375 0.061919999999999996
1 0.610781250000002 0.1935199999999954 0.0734375 0.033839999999999995
1 0.8678124999999961 0.8654599999999959 0.1265625 0.05832
1 0.23312499999999975 0.3964799999999982 0.10625 0.048960000000000004
1 0.3484375 0.25895999999999997 0.134375 0.061919999999999996
1 0.6839062500000016 0.24889999999999748 0.140625 0.0648
