0 0.459375 0.9212000000000025 0.04375 0.056
0 0.47578125 0.5961999999999986 0.034375 0.044
0 0.396875 0.28680000000000017 0.01875 0.024
0 0.2015625 0.5572000000000009 0.04375 0.056
0 0.36015625 0.34020000000000017 0.028125 0.036
0 0.71953125 0.22619999999999985 0.040625 0.052
0 0.687109375 0.11610000000000004 0.0421875 0.054
1 0.41562499999999913 0.7319800000000051 0.1140625 0.052559999999999996
1 0.42062499999999936 0.7560400000000043 0.146875 0.06767999999999999
1 0.3765625 0.72896 0.134375 0.061919999999999996
