0 0.38515625 0.9745999999999966 0.034375 0.044
0 0.57578125 0.4746000000000013 0.021875 0.028
0 0.407421875 0.8666999999999977 0.0421875 0.054
0 0.298828125 0.40690000000000087 0.0203125 0.026
0 0.564453125 0.3175 0.0390625 0.05
0 0.71640625 0.107 0.015625 0.02
0 0.7921875 0.078 0.03125 0.04
1 0.17656250000000012 0.6027800000000015 0.1140625 0.052559999999999996
1 0.6421875 0.18696000000000002 0.134375 0.061919999999999996
1 0.6073437500000021 0.19131999999999538 0.0734375 0.033839999999999995
1 0.873749999999996 0.861659999999996 0.1265625 0.05832
1 0.23812499999999975 0.39967999999999826 0.10625 0.048960000000000004
1 0.3421875 0.25496 0.134375 0.061919999999999996
1 0.6773437500000015 0.25309999999999744 0.140625 0.0648
