0 0.38828125 0.9833999999999966 0.034375 0.044
0 0.57890625 0.4802000000000013 0.021875 0.028
0 0.404296875 0.8774999999999976 0.0421875 0.054
0 0.561328125 0.3275 0.0390625 0.05
0 0.71953125 0.111 0.015625 0.02
0 0.7890625 0.086 0.03125 0.04
1 0.1712500000000001 0.5993800000000015 0.1140625 0.052559999999999996
1 0.6359375 0.19096000000000002 0.134375 0.061919999999999996
1 0.603906250000002 0.1891199999999954 0.0734375 0.033839999999999995
1 0.879687499999996 0.8578599999999961 0.1265625 0.05832
1 0.24312499999999973 0.4028799999999983 0.10625 0.048960000000000004
1 0.3359375 0.25096 0.134375 0.061919999999999996
1 0.6707812500000014 0.2572999999999975 0.140625 0.0648
