0 0.39140625 0.9921999999999965 0.034375 0.044
0 0.58203125 0.48580000000000134 0.021875 0.028
0 0.401171875 0.8882999999999975 0.0421875 0.054
0 0.558203125 0.3375 0.0390625 0.05
0 0.72265625 0.115 0.015625 0.02
0 0.7859375 0.094 0.03125 0.04
1 0.1659375000000001 0.5959800000000014 0.1140625 0.052559999999999996
1 0.6296875 0.19496 0.134375 0.061919999999999996
1 0.6004687500000019 0.18691999999999542 0.0734375 0.033839999999999995
1 0.8856249999999959 0.854059999999996 0.1265625 0.05832
1 0.2481249999999997 0.40607999999999833 0.10625 0.048960000000000004
1 0.3296875 0.24696 0.134375 0.061919999999999996
1 0.6642187500000014 0.26149999999999746 0.140625 0.0648
