0 0.39453125 1.0009999999999966 0.034375 0.044
0 0.58515625 0.49140000000000134 0.021875 0.028
0 0.398046875 0.8990999999999976 0.0421875 0.054
0 0.555078125 0.3475 0.0390625 0.05
0 0.72578125 0.119 0.015625 0.02
0 0.7828125 0.102 0.03125 0.04
1 0.16062500000000007 0.5925800000000013 0.1140625 0.052559999999999996
1 0.6234375 0.19896 0.134375 0.061919999999999996
1 0.5970312500000018 0.18471999999999542 0.0734375 0.033839999999999995
1 0.8915624999999958 0.8502599999999961 0.1265625 0.05832
1 0.2531249999999997 0.40927999999999837 0.10625 0.048960000000000004
1 0.3234375 0.24296 0.134375 0.061919999999999996
1 0.6576562500000013 0.26569999999999744 0.140625 0.0648
