0 0.39765625 1.0097999999999965 0.034375 0.044
0 0.58828125 0.4970000000000014 0.021875 0.028
0 0.394921875 0.9098999999999975 0.0421875 0.054
0 0.551953125 0.3575 0.0390625 0.05
0 0.72890625 0.123 0.015625 0.02
0 0.7859375 0.11 0.03125 0.04
0 0.292578125 0.0119 0.0265625 0.034
1 0.15531250000000008 0.5891800000000011 0.1140625 0.052559999999999996
1 0.6171875 0.20296 0.134375 0.061919999999999996
1 0.5935937500000017 0.18251999999999544 0.0734375 0.033839999999999995
1 0.8974999999999957 0.8464599999999962 0.1265625 0.05832
1 0.25812499999999966 0.4124799999999984 0.10625 0.048960000000000004
1 0.3171875 0.23896 0.134375 0.061919999999999996
1 0.6510937500000012 0.2698999999999974 0.140625 0.0648
