0 0.59140625 0.5026000000000014 0.021875 0.028
0 0.394921875 0.9206999999999974 0.0421875 0.054
0 0.548828125 0.3675 0.0390625 0.05
0 0.72578125 0.127 0.015625 0.02
0 0.7890625 0.118 0.03125 0.04
0 0.295703125 0.0187 0.0265625 0.034
1 0.15000000000000008 0.5857800000000011 0.1140625 0.052559999999999996
1 0.6109375 0.20696 0.134375 0.061919999999999996
1 0.5901562500000017 0.18031999999999546 0.0734375 0.033839999999999995
1 0.9034374999999957 0.8426599999999962 0.1265625 0.05832
1 0.26312499999999966 0.4156799999999985 0.10625 0.048960000000000004
1 0.3109375 0.23496 0.134375 0.061919999999999996
1 0.6445312500000011 0.2740999999999974 0.140625 0.0648
