0 0.59453125 0.5082000000000014 0.021875 0.028
0 0.398046875 0.9314999999999973 0.0421875 0.054
0 0.551953125 0.3775 0.0390625 0.05
0 0.72265625 0.131 0.015625 0.02
0 0.7921875 0.126 0.03125 0.04
0 0.298828125 0.0255 0.0265625 0.034
1 0.14468750000000005 0.582380000000001 0.1140625 0.052559999999999996
1 0.6046875 0.21096 0.134375 0.061919999999999996
1 0.5867187500000016 0.17811999999999545 0.0734375 0.033839999999999995
1 0.9093749999999956 0.8388599999999963 0.1265625 0.05832
1 0.2681249999999996 0.41887999999999853 0.10625 0.048960000000000004
1 0.3046875 0.23096 0.134375 0.061919999999999996
1 0.6379687500000011 0.2782999999999974 0.140625 0.0648
