0 0.59140625 0.5138000000000015 0.021875 0.028
0 0.401171875 0.9422999999999974 0.0421875 0.054
0 0.555078125 0.3875 0.0390625 0.05
0 0.71953125 0.135 0.015625 0.02
0 0.7953125 0.134 0.03125 0.04
0 0.301953125 0.032299999999999995 0.0265625 0.034
1 0.13937500000000005 0.5789800000000009 0.1140625 0.052559999999999996
1 0.5984375 0.21496 0.134375 0.061919999999999996
1 0.5832812500000015 0.17591999999999547 0.0734375 0.033839999999999995
1 0.9153124999999955 0.8350599999999964 0.1265625 0.05832
1 0.2731249999999996 0.42207999999999857 0.10625 0.048960000000000004
1 0.2984375 0.22696 0.134375 0.061919999999999996
1 0.6314062500000011 0.28249999999999736 0.140625 0.0648
