0 0.58828125 0.5194000000000014 0.021875 0.028
0 0.404296875 0.9530999999999973 0.0421875 0.054
0 0.558203125 0.3975 0.0390625 0.05
0 0.71640625 0.139 0.015625 0.02
0 0.7984375 0.142 0.03125 0.04
0 0.305078125 0.039099999999999996 0.0265625 0.034
1 0.13406250000000003 0.5755800000000009 0.1140625 0.052559999999999996
1 0.5921875 0.21896000000000002 0.134375 0.061919999999999996
1 0.5798437500000014 0.1737199999999955 0.0734375 0.033839999999999995
1 0.9212499999999955 0.8312599999999963 0.1265625 0.05832
1 0.2781249999999996 0.4252799999999986 0.10625 0.048960000000000004
1 0.2921875 0.22296000000000002 0.134375 0.061919999999999996
1 0.6248437500000009 0.2866999999999974 0.140625 0.0648
