0 0.58515625 0.5250000000000014 0.021875 0.028
0 0.407421875 0.9638999999999972 0.0421875 0.054
0 0.71328125 0.143 0.015625 0.02
0 0.8015625 0.15 0.03125 0.04
0 0.308203125 0.04589999999999999 0.0265625 0.034
1 0.12875000000000003 0.5721800000000008 0.1140625 0.052559999999999996
1 0.5859375 0.22296000000000002 0.134375 0.061919999999999996
1 0.5764062500000013 0.17151999999999548 0.0734375 0.033839999999999995
1 0.9271874999999954 0.8274599999999964 0.1265625 0.05832
1 0.28312499999999957 0.42847999999999864 0.10625 0.048960000000000004
1 0.2859375 0.21896000000000002 0.134375 0.061919999999999996
1 0.6182812500000009 0.2908999999999974 0.140625 0.0648
