0 0.45625 0.9324000000000024 0.04375 0.056
0 0.47265625 0.6049999999999985 0.034375 0.044
0 0.39375 0.29160000000000014 0.01875 0.024
0 0.2046875 0.568400000000001 0.04375 0.056
0 0.35703125 0.3474000000000002 0.028125 0.036
0 0.71640625 0.2365999999999998 0.040625 0.052
0 0.683984375 0.12690000000000004 0.0421875 0.054
1 0.4209374999999991 0.7285800000000049 0.1140625 0.052559999999999996
1 0.4274999999999993 0.7604400000000043 0.146875 0.06767999999999999
1 0.3828125 0.7329600000000001 0.134375 0.061919999999999996
