0 0.58203125 0.5306000000000013 0.021875 0.028
0 0.410546875 0.9746999999999972 0.0421875 0.054
0 0.71015625 0.147 0.015625 0.02
0 0.7984375 0.158 0.03125 0.04
0 0.305078125 0.05269999999999999 0.0265625 0.034
1 0.12343750000000002 0.5687800000000006 0.1140625 0.052559999999999996
1 0.5796875 0.22696 0.134375 0.061919999999999996
1 0.5729687500000014 0.1693199999999955 0.0734375 0.033839999999999995
1 0.9331249999999953 0.8236599999999964 0.1265625 0.05832
1 0.2881249999999996 0.4316799999999987 0.10625 0.048960000000000004
1 0.2796875 0.21496 0.134375 0.061919999999999996
1 0.6117187500000008 0.2950999999999974 0.140625 0.0648
