0 0.57890625 0.5362000000000012 0.021875 0.028
0 0.410546875 0.9854999999999972 0.0421875 0.054
0 0.71328125 0.151 0.015625 0.02
0 0.7953125 0.166 0.03125 0.04
0 0.301953125 0.05949999999999998 0.0265625 0.034
0 0.499609375 0.020700000000000003 0.0359375 0.046
1 0.11812500000000001 0.5653800000000005 0.1140625 0.052559999999999996
1 0.5734375 0.23096 0.134375 0.061919999999999996
1 0.5695312500000013 0.16711999999999552 0.0734375 0.033839999999999995
1 0.9390624999999952 0.8198599999999965 0.1265625 0.05832
1 0.2931249999999995 0.43487999999999877 0.10625 0.048960000000000004
1 0.2734375 0.21096 0.134375 0.061919999999999996
1 0.6051562500000007 0.29929999999999746 0.140625 0.0648
