0 0.57578125 0.5418000000000011 0.021875 0.028
0 0.407421875 0.9962999999999971 0.0421875 0.054
0 0.71640625 0.155 0.015625 0.02
0 0.7921875 0.174 0.03125 0.04
0 0.298828125 0.06629999999999998 0.0265625 0.034
0 0.502734375 0.029900000000000003 0.0359375 0.046
1 0.11281250000000001 0.5619800000000005 0.1140625 0.052559999999999996
1 0.5671875 0.23496 0.134375 0.061919999999999996
1 0.5660937500000012 0.16491999999999551 0.0734375 0.033839999999999995
1 0.9331249999999953 0.8160599999999966 0.1265625 0.05832
1 0.29812499999999953 0.4380799999999988 0.10625 0.048960000000000004
1 0.2671875 0.20696 0.134375 0.061919999999999996
1 0.5985937500000007 0.3034999999999975 0.140625 0.0648
