0 0.57890625 0.547400000000001 0.021875 0.028
0 0.404296875 1.007099999999997 0.0421875 0.054
0 0.71953125 0.159 0.015625 0.02
0 0.7890625 0.182 0.03125 0.04
0 0.295703125 0.07309999999999998 0.0265625 0.034
0 0.505859375 0.03910000000000001 0.0359375 0.046
1 0.1075 0.5585800000000004 0.1140625 0.052559999999999996
1 0.5609375 0.23896 0.134375 0.061919999999999996
1 0.5626562500000011 0.16271999999999553 0.0734375 0.033839999999999995
1 0.9271874999999954 0.8122599999999965 0.1265625 0.05832
1 0.30312499999999953 0.44127999999999884 0.10625 0.048960000000000004
1 0.2609375 0.20296 0.134375 0.061919999999999996
1 0.5920312500000006 0.30769999999999753 0.140625 0.0648
