0 0.58203125 0.5530000000000009 0.021875 0.028
0 0.72265625 0.163 0.015625 0.02
0 0.7859375 0.19 0.03125 0.04
0 0.292578125 0.07989999999999998 0.0265625 0.034
0 0.508984375 0.0483 0.0359375 0.046
1 0.10218750000000001 0.5551800000000003 0.1140625 0.052559999999999996
1 0.5546875 0.24296 0.134375 0.061919999999999996
1 0.559218750000001 0.16051999999999556 0.0734375 0.033839999999999995
1 0.9212499999999955 0.8084599999999966 0.1265625 0.05832
1 0.3081249999999995 0.4444799999999989 0.10625 0.048960000000000004
1 0.2546875 0.19896 0.134375 0.061919999999999996
1 0.5854687500000005 0.31189999999999757 0.140625 0.0648
