0 0.58515625 0.5586000000000009 0.021875 0.028
0 0.72578125 0.167 0.015625 0.02
0 0.7828125 0.198 0.03125 0.04
0 0.289453125 0.0867 0.0265625 0.034
0 0.512109375 0.05750000000000001 0.0359375 0.046
1 0.096875 0.5517800000000002 0.1140625 0.052559999999999996
1 0.5484375 0.24696 0.134375 0.061919999999999996
1 0.555781250000001 0.15831999999999555 0.0734375 0.033839999999999995
1 0.9153124999999955 0.8046599999999967 0.1265625 0.05832
1 0.3131249999999995 0.4476799999999989 0.10625 0.048960000000000004
1 0.2484375 0.19496 0.134375 0.061919999999999996
1 0.5789062500000004 0.31609999999999766 0.140625 0.0648
