0 0.58828125 0.5642000000000007 0.021875 0.028
0 0.72890625 0.171 0.015625 0.02
0 0.7859375 0.206 0.03125 0.04
0 0.292578125 0.09350000000000001 0.0265625 0.034
0 0.512109375 0.06670000000000002 0.0359375 0.046
1 0.0915625 0.5483800000000001 0.1140625 0.052559999999999996
1 0.5421875 0.25096 0.134375 0.061919999999999996
1 0.5523437500000009 0.15611999999999557 0.0734375 0.033839999999999995
1 0.9093749999999956 0.8008599999999967 0.1265625 0.05832
1 0.31812499999999944 0.45087999999999895 0.10625 0.048960000000000004
1 0.2421875 0.19096000000000002 0.134375 0.061919999999999996
1 0.5723437500000004 0.3202999999999977 0.140625 0.0648
