0 0.59140625 0.5698000000000006 0.021875 0.028
0 0.72578125 0.175 0.015625 0.02
0 0.7890625 0.214 0.03125 0.04
0 0.295703125 0.10030000000000003 0.0265625 0.034
0 0.508984375 0.07590000000000001 0.0359375 0.046
1 0.08625000000000001 0.54498 0.1140625 0.052559999999999996
1 0.5359375 0.25496 0.134375 0.061919999999999996
1 0.5489062500000008 0.1539199999999956 0.0734375 0.033839999999999995
1 0.9034374999999957 0.7970599999999968 0.1265625 0.05832
1 0.32312499999999944 0.45407999999999904 0.10625 0.048960000000000004
1 0.2359375 0.18696000000000002 0.134375 0.061919999999999996
1 0.5657812500000003 0.32449999999999773 0.140625 0.0648
