0 0.59453125 0.5754000000000006 0.021875 0.028
0 0.72265625 0.179 0.015625 0.02
0 0.7921875 0.222 0.03125 0.04
0 0.298828125 0.10710000000000004 0.0265625 0.034
0 0.505859375 0.0851 0.0359375 0.046
1 0.08093750000000001 0.54158 0.1140625 0.052559999999999996
1 0.5296875 0.25895999999999997 0.134375 0.061919999999999996
1 0.5454687500000007 0.15171999999999558 0.0734375 0.033839999999999995
1 0.8974999999999957 0.7932599999999969 0.1265625 0.05832
1 0.32812499999999944 0.4572799999999991 0.10625 0.048960000000000004
1 0.2296875 0.18296 0.134375 0.061919999999999996
1 0.5592187500000002 0.32869999999999777 0.140625 0.0648
