0 0.59140625 0.5810000000000004 0.021875 0.028
0 0.71953125 0.183 0.015625 0.02
0 0.7953125 0.23 0.03125 0.04
0 0.301953125 0.11390000000000004 0.0265625 0.034
0 0.502734375 0.09429999999999998 0.0359375 0.046
1 0.07562500000000001 0.53818 0.1140625 0.052559999999999996
1 0.5234375 0.26295999999999997 0.134375 0.061919999999999996
1 0.5420312500000006 0.1495199999999956 0.0734375 0.033839999999999995
1 0.8915624999999958 0.7894599999999968 0.1265625 0.05832
1 0.3331249999999994 0.4604799999999991 0.10625 0.048960000000000004
1 0.2234375 0.17896 0.134375 0.061919999999999996
1 0.5526562500000002 0.3328999999999978 0.140625 0.0648
