0 0.453125 0.9436000000000025 0.04375 0.056
0 0.46953125 0.6137999999999985 0.034375 0.044
0 0.396875 0.2964000000000001 0.01875 0.024
0 0.2078125 0.579600000000001 0.04375 0.056
0 0.35703125 0.35460000000000025 0.028125 0.036
0 0.71328125 0.2469999999999998 0.040625 0.052
0 0.680859375 0.13770000000000004 0.0421875 0.054
1 0.426249999999999 0.7251800000000048 0.1140625 0.052559999999999996
1 0.4343749999999993 0.7648400000000045 0.146875 0.06767999999999999
1 0.3890625 0.7369600000000001 0.134375 0.061919999999999996
