0 0.58828125 0.5866000000000003 0.021875 0.028
0 0.71640625 0.187 0.015625 0.02
0 0.7984375 0.238 0.03125 0.04
0 0.305078125 0.12070000000000006 0.0265625 0.034
0 0.499609375 0.10349999999999997 0.0359375 0.046
1 0.07031250000000001 0.5347799999999999 0.1140625 0.052559999999999996
1 0.5171875 0.26696 0.134375 0.061919999999999996
1 0.5385937500000006 0.14731999999999562 0.0734375 0.033839999999999995
1 0.8856249999999959 0.7856599999999969 0.1265625 0.05832
1 0.3381249999999994 0.46367999999999915 0.10625 0.048960000000000004
1 0.2171875 0.17496 0.134375 0.061919999999999996
1 0.54609375 0.33709999999999785 0.140625 0.0648
