0 0.58515625 0.5922000000000003 0.021875 0.028
0 0.71328125 0.191 0.015625 0.02
0 0.8015625 0.246 0.03125 0.04
0 0.308203125 0.12750000000000006 0.0265625 0.034
0 0.496484375 0.11269999999999997 0.0359375 0.046
0 0.142578125 0.011699999999999999 0.0203125 0.026
1 0.06500000000000002 0.53138 0.1140625 0.052559999999999996
1 0.5109375 0.27096 0.134375 0.061919999999999996
1 0.5351562500000006 0.14511999999999564 0.0734375 0.033839999999999995
1 0.879687499999996 0.7818599999999969 0.1265625 0.05832
1 0.34312499999999935 0.4668799999999992 0.10625 0.048960000000000004
1 0.2109375 0.17096 0.134375 0.061919999999999996
1 0.53953125 0.3412999999999979 0.140625 0.0648
