0 0.57890625 0.6034 0.021875 0.028
0 0.71328125 0.199 0.015625 0.02
0 0.7953125 0.262 0.03125 0.04
0 0.301953125 0.1411000000000001 0.0265625 0.034
0 0.499609375 0.13109999999999994 0.0359375 0.046
0 0.148828125 0.0221 0.0203125 0.026
1 0.05437500000000001 0.52458 0.1140625 0.052559999999999996
1 0.4984375 0.27896 0.134375 0.061919999999999996
1 0.5282812500000004 0.14071999999999565 0.0734375 0.033839999999999995
1 0.8678124999999961 0.7742599999999971 0.1265625 0.05832
1 0.35312499999999936 0.4732799999999993 0.10625 0.048960000000000004
1 0.1984375 0.16296000000000002 0.134375 0.061919999999999996
1 0.5264062499999999 0.349699999999998 0.140625 0.0648
