0 0.57578125 0.609 0.021875 0.028
0 0.71640625 0.203 0.015625 0.02
0 0.7921875 0.27 0.03125 0.04
0 0.298828125 0.1479000000000001 0.0265625 0.034
0 0.502734375 0.14029999999999992 0.0359375 0.046
0 0.151953125 0.0273 0.0203125 0.026
1 0.059687500000000004 0.5211800000000001 0.1140625 0.052559999999999996
1 0.4921875 0.28296 0.134375 0.061919999999999996
1 0.5248437500000003 0.13851999999999567 0.0734375 0.033839999999999995
1 0.8618749999999962 0.770459999999997 0.1265625 0.05832
1 0.3581249999999993 0.47647999999999935 0.10625 0.048960000000000004
1 0.1921875 0.15896000000000002 0.134375 0.061919999999999996
1 0.5198437499999998 0.35389999999999805 0.140625 0.0648
