0 0.57890625 0.6145999999999999 0.021875 0.028
0 0.71953125 0.207 0.015625 0.02
0 0.7890625 0.278 0.03125 0.04
0 0.295703125 0.15470000000000012 0.0265625 0.034
0 0.505859375 0.1494999999999999 0.0359375 0.046
0 0.155078125 0.0325 0.0203125 0.026
1 0.06500000000000002 0.5177800000000001 0.1140625 0.052559999999999996
1 0.4859375 0.28696 0.134375 0.061919999999999996
1 0.5214062500000003 0.13631999999999567 0.0734375 0.033839999999999995
1 0.8559374999999962 0.7666599999999971 0.1265625 0.05832
1 0.3631249999999993 0.4796799999999994 0.10625 0.048960000000000004
1 0.1859375 0.15496000000000001 0.134375 0.061919999999999996
1 0.5132812499999997 0.3580999999999981 0.140625 0.0648
