0 0.58203125 0.6201999999999999 0.021875 0.028
0 0.72265625 0.211 0.015625 0.02
0 0.7859375 0.286 0.03125 0.04
0 0.292578125 0.16150000000000012 0.0265625 0.034
0 0.508984375 0.1586999999999999 0.0359375 0.046
0 0.155078125 0.037700000000000004 0.0203125 0.026
1 0.07031250000000001 0.5143800000000001 0.1140625 0.052559999999999996
1 0.4796875 0.29096 0.134375 0.061919999999999996
1 0.5179687500000002 0.1341199999999957 0.0734375 0.033839999999999995
1 0.8499999999999963 0.7628599999999972 0.1265625 0.05832
1 0.36812499999999926 0.4828799999999994 0.10625 0.048960000000000004
1 0.1796875 0.15096 0.134375 0.061919999999999996
1 0.5067187499999997 0.3622999999999981 0.140625 0.0648
