0 0.58515625 0.6257999999999997 0.021875 0.028
0 0.72578125 0.215 0.015625 0.02
0 0.7828125 0.294 0.03125 0.04
0 0.289453125 0.16830000000000012 0.0265625 0.034
0 0.512109375 0.16789999999999988 0.0359375 0.046
0 0.151953125 0.04290000000000001 0.0203125 0.026
1 0.07562500000000001 0.5109800000000001 0.1140625 0.052559999999999996
1 0.4734375 0.29496 0.134375 0.061919999999999996
1 0.5145312500000001 0.1319199999999957 0.0734375 0.033839999999999995
1 0.8440624999999964 0.7590599999999972 0.1265625 0.05832
1 0.37312499999999926 0.48607999999999946 0.10625 0.048960000000000004
1 0.1734375 0.14696 0.134375 0.061919999999999996
1 0.5001562499999996 0.36649999999999816 0.140625 0.0648
