0 0.58828125 0.6313999999999996 0.021875 0.028
0 0.72890625 0.219 0.015625 0.02
0 0.7859375 0.302 0.03125 0.04
0 0.292578125 0.17510000000000014 0.0265625 0.034
0 0.512109375 0.17709999999999987 0.0359375 0.046
0 0.148828125 0.04810000000000001 0.0203125 0.026
1 0.08093750000000001 0.5075800000000001 0.1140625 0.052559999999999996
1 0.4671875 0.29896 0.134375 0.061919999999999996
1 0.51109375 0.1297199999999957 0.0734375 0.033839999999999995
1 0.8381249999999965 0.7552599999999973 0.1265625 0.05832
1 0.37812499999999927 0.4892799999999995 0.10625 0.048960000000000004
1 0.1671875 0.14296 0.134375 0.061919999999999996
1 0.4935937499999995 0.37069999999999825 0.140625 0.0648
