0 0.59140625 0.6369999999999996 0.021875 0.028
0 0.72578125 0.223 0.015625 0.02
0 0.7890625 0.31 0.03125 0.04
0 0.295703125 0.18190000000000014 0.0265625 0.034
0 0.508984375 0.18629999999999988 0.0359375 0.046
0 0.145703125 0.053300000000000014 0.0203125 0.026
1 0.08625000000000001 0.5041800000000001 0.1140625 0.052559999999999996
1 0.4609375 0.30296 0.134375 0.061919999999999996
1 0.5076562499999999 0.12751999999999572 0.0734375 0.033839999999999995
1 0.8321874999999965 0.7514599999999974 0.1265625 0.05832
1 0.3831249999999992 0.4924799999999996 0.10625 0.048960000000000004
1 0.1609375 0.13896 0.134375 0.061919999999999996
1 0.48703124999999947 0.3748999999999983 0.140625 0.0648
