0 0.453125 0.9548000000000025 0.04375 0.056
0 0.46640625 0.6225999999999984 0.034375 0.044
0 0.4 0.3012 0.01875 0.024
0 0.2109375 0.5908000000000011 0.04375 0.056
0 0.36015625 0.3618000000000003 0.028125 0.036
0 0.71015625 0.25739999999999974 0.040625 0.052
0 0.683984375 0.14850000000000005 0.0421875 0.054
1 0.431562499999999 0.7217800000000048 0.1140625 0.052559999999999996
1 0.44124999999999925 0.7692400000000046 0.146875 0.06767999999999999
1 0.3953125 0.7409600000000001 0.134375 0.061919999999999996
