0 0.59453125 0.6425999999999995 0.021875 0.028
0 0.72265625 0.227 0.015625 0.02
0 0.7921875 0.318 0.03125 0.04
0 0.298828125 0.18870000000000015 0.0265625 0.034
0 0.505859375 0.19549999999999987 0.0359375 0.046
0 0.142578125 0.05850000000000002 0.0203125 0.026
1 0.0915625 0.5007800000000001 0.1140625 0.052559999999999996
1 0.4546875 0.30695999999999996 0.134375 0.061919999999999996
1 0.5042187499999999 0.12531999999999574 0.0734375 0.033839999999999995
1 0.8262499999999966 0.7476599999999973 0.1265625 0.05832
1 0.3881249999999992 0.4956799999999996 0.10625 0.048960000000000004
1 0.1546875 0.13496 0.134375 0.061919999999999996
1 0.4804687499999994 0.3790999999999983 0.140625 0.0648
