0 0.59140625 0.6481999999999993 0.021875 0.028
0 0.71953125 0.231 0.015625 0.02
0 0.7953125 0.326 0.03125 0.04
0 0.301953125 0.19550000000000017 0.0265625 0.034
0 0.502734375 0.20469999999999985 0.0359375 0.046
0 0.139453125 0.06370000000000002 0.0203125 0.026
1 0.096875 0.49738000000000016 0.1140625 0.052559999999999996
1 0.4484375 0.31095999999999996 0.134375 0.061919999999999996
1 0.5007812499999998 0.12311999999999576 0.0734375 0.033839999999999995
1 0.8203124999999967 0.7438599999999974 0.1265625 0.05832
1 0.39312499999999917 0.49887999999999966 0.10625 0.048960000000000004
1 0.1484375 0.13496 0.134375 0.061919999999999996
1 0.4739062499999993 0.38329999999999836 0.140625 0.0648
