0 0.58828125 0.6537999999999993 0.021875 0.028
0 0.71640625 0.235 0.015625 0.02
0 0.7984375 0.334 0.03125 0.04
0 0.305078125 0.20230000000000017 0.0265625 0.034
0 0.499609375 0.21389999999999984 0.0359375 0.046
0 0.139453125 0.06890000000000002 0.0203125 0.026
1 0.10218750000000001 0.4939800000000002 0.1140625 0.052559999999999996
1 0.4421875 0.31495999999999996 0.134375 0.061919999999999996
1 0.49734374999999975 0.12091999999999577 0.0734375 0.033839999999999995
1 0.8143749999999967 0.7400599999999975 0.1265625 0.05832
1 0.3981249999999992 0.5020799999999997 0.10625 0.048960000000000004
1 0.1421875 0.13896 0.134375 0.061919999999999996
1 0.46734374999999934 0.3874999999999984 0.140625 0.0648
