0 0.58515625 0.6593999999999992 0.021875 0.028
0 0.71328125 0.239 0.015625 0.02
0 0.8015625 0.342 0.03125 0.04
0 0.308203125 0.2091000000000002 0.0265625 0.034
0 0.496484375 0.22309999999999983 0.0359375 0.046
0 0.142578125 0.07410000000000001 0.0203125 0.026
1 0.1075 0.49058000000000024 0.1140625 0.052559999999999996
1 0.4359375 0.31895999999999997 0.134375 0.061919999999999996
1 0.49390624999999966 0.11871999999999577 0.0734375 0.033839999999999995
1 0.8084374999999968 0.7362599999999975 0.1265625 0.05832
1 0.4031249999999991 0.5052799999999997 0.10625 0.048960000000000004
1 0.1359375 0.14296 0.134375 0.061919999999999996
1 0.46078124999999925 0.39169999999999844 0.140625 0.0648
