0 0.58203125 0.664999999999999 0.021875 0.028
0 0.71015625 0.243 0.015625 0.02
0 0.7984375 0.35 0.03125 0.04
0 0.305078125 0.2159000000000002 0.0265625 0.034
0 0.496484375 0.2322999999999998 0.0359375 0.046
0 0.145703125 0.0793 0.0203125 0.026
1 0.11281250000000001 0.4871800000000002 0.1140625 0.052559999999999996
1 0.4296875 0.32295999999999997 0.134375 0.061919999999999996
1 0.4904687499999996 0.1165199999999958 0.0734375 0.033839999999999995
1 0.8024999999999969 0.7324599999999976 0.1265625 0.05832
1 0.4081249999999992 0.5084799999999998 0.10625 0.048960000000000004
1 0.1296875 0.14696 0.134375 0.061919999999999996
1 0.45421874999999934 0.3958999999999985 0.140625 0.0648
