0 0.57890625 0.670599999999999 0.021875 0.028
0 0.71328125 0.247 0.015625 0.02
0 0.7953125 0.358 0.03125 0.04
0 0.301953125 0.2227000000000002 0.0265625 0.034
0 0.499609375 0.2414999999999998 0.0359375 0.046
0 0.148828125 0.08449999999999999 0.0203125 0.026
1 0.11812500000000001 0.48378000000000027 0.1140625 0.052559999999999996
1 0.4234375 0.32696 0.134375 0.061919999999999996
1 0.4870312499999995 0.1143199999999958 0.0734375 0.033839999999999995
1 0.796562499999997 0.7286599999999975 0.1265625 0.05832
1 0.4131249999999991 0.5116799999999998 0.10625 0.048960000000000004
1 0.1234375 0.15096 0.134375 0.061919999999999996
1 0.4476562499999993 0.40009999999999857 0.140625 0.0648
