0 0.57578125 0.6761999999999989 0.021875 0.028
0 0.71640625 0.251 0.015625 0.02
0 0.7921875 0.366 0.03125 0.04
0 0.298828125 0.22950000000000023 0.0265625 0.034
0 0.502734375 0.2506999999999998 0.0359375 0.046
0 0.151953125 0.08969999999999997 0.0203125 0.026
1 0.12343750000000002 0.4803800000000003 0.1140625 0.052559999999999996
1 0.4171875 0.33096 0.134375 0.061919999999999996
1 0.4835937499999995 0.1121199999999958 0.0734375 0.033839999999999995
1 0.790624999999997 0.7248599999999976 0.1265625 0.05832
1 0.41812499999999914 0.5148799999999999 0.10625 0.048960000000000004
1 0.1171875 0.15496000000000001 0.134375 0.061919999999999996
1 0.4410937499999994 0.4042999999999986 0.140625 0.0648
