0 0.57890625 0.6817999999999989 0.021875 0.028
0 0.71953125 0.255 0.015625 0.02
0 0.7890625 0.374 0.03125 0.04
0 0.295703125 0.23630000000000023 0.0265625 0.034
0 0.505859375 0.25989999999999974 0.0359375 0.046
0 0.155078125 0.09489999999999996 0.0203125 0.026
1 0.12875000000000003 0.4769800000000003 0.1140625 0.052559999999999996
1 0.4109375 0.33496 0.134375 0.061919999999999996
1 0.4801562499999994 0.10991999999999583 0.0734375 0.033839999999999995
1 0.7846874999999971 0.7210599999999977 0.1265625 0.05832
1 0.42312499999999903 0.5180799999999999 0.10625 0.048960000000000004
1 0.1109375 0.15896000000000002 0.134375 0.061919999999999996
1 0.4345312499999993 0.40849999999999864 0.140625 0.0648
