0 0.58203125 0.6873999999999987 0.021875 0.028
0 0.72265625 0.259 0.015625 0.02
0 0.7859375 0.382 0.03125 0.04
0 0.292578125 0.24310000000000026 0.0265625 0.034
0 0.508984375 0.2690999999999998 0.0359375 0.046
0 0.155078125 0.10009999999999995 0.0203125 0.026
1 0.13406250000000003 0.47358000000000033 0.1140625 0.052559999999999996
1 0.4046875 0.33896 0.134375 0.061919999999999996
1 0.4767187499999993 0.10771999999999583 0.0734375 0.033839999999999995
1 0.7787499999999972 0.7172599999999977 0.1265625 0.05832
1 0.4281249999999991 0.52128 0.10625 0.048960000000000004
1 0.1046875 0.16296000000000002 0.134375 0.061919999999999996
1 0.42796874999999945 0.4126999999999987 0.140625 0.0648
