0 0.58515625 0.6929999999999986 0.021875 0.028
0 0.72578125 0.263 0.015625 0.02
0 0.7828125 0.39 0.03125 0.04
0 0.289453125 0.24990000000000026 0.0265625 0.034
0 0.512109375 0.2782999999999998 0.0359375 0.046
0 0.151953125 0.10529999999999994 0.0203125 0.026
1 0.13937500000000005 0.4701800000000004 0.1140625 0.052559999999999996
1 0.3984375 0.34296 0.134375 0.061919999999999996
1 0.47328124999999927 0.10551999999999585 0.0734375 0.033839999999999995
1 0.7728124999999972 0.7134599999999978 0.1265625 0.05832
1 0.433124999999999 0.5244800000000001 0.10625 0.048960000000000004
1 0.0984375 0.16696 0.134375 0.061919999999999996
1 0.42140624999999937 0.4168999999999987 0.140625 0.0648
