0 0.45625 0.9660000000000026 0.04375 0.056
0 0.46328125 0.6313999999999984 0.034375 0.044
0 0.403125 0.306 0.01875 0.024
0 0.2140625 0.6020000000000011 0.04375 0.056
0 0.36328125 0.3690000000000003 0.028125 0.036
0 0.71328125 0.2677999999999997 0.040625 0.052
0 0.687109375 0.15930000000000008 0.0421875 0.054
1 0.43687499999999896 0.7183800000000047 0.1140625 0.052559999999999996
1 0.4481249999999992 0.7736400000000047 0.146875 0.06767999999999999
1 0.4015625 0.7449600000000001 0.134375 0.061919999999999996
