0 0.58828125 0.6985999999999986 0.021875 0.028
0 0.72890625 0.267 0.015625 0.02
0 0.7859375 0.398 0.03125 0.04
0 0.292578125 0.25670000000000026 0.0265625 0.034
0 0.512109375 0.28749999999999987 0.0359375 0.046
0 0.148828125 0.11049999999999993 0.0203125 0.026
0 0.091796875 0.0171 0.0296875 0.038
1 0.14468750000000005 0.46678000000000036 0.1140625 0.052559999999999996
1 0.3921875 0.34696 0.134375 0.061919999999999996
1 0.46984374999999917 0.10331999999999586 0.0734375 0.033839999999999995
1 0.7668749999999973 0.7096599999999978 0.1265625 0.05832
1 0.4381249999999991 0.52768 0.10625 0.048960000000000004
1 0.0921875 0.17096 0.134375 0.061919999999999996
1 0.41484374999999946 0.42109999999999875 0.140625 0.0648
