0 0.59140625 0.7041999999999985 0.021875 0.028
0 0.72578125 0.271 0.015625 0.02
0 0.7890625 0.406 0.03125 0.04
0 0.295703125 0.2635000000000003 0.0265625 0.034
0 0.508984375 0.2966999999999999 0.0359375 0.046
0 0.145703125 0.11569999999999991 0.0203125 0.026
0 0.094921875 0.0247 0.0296875 0.038
1 0.15000000000000008 0.4633800000000004 0.1140625 0.052559999999999996
1 0.3859375 0.35096 0.134375 0.061919999999999996
1 0.46640624999999913 0.10111999999999587 0.0734375 0.033839999999999995
1 0.7609374999999974 0.7058599999999978 0.1265625 0.05832
1 0.443124999999999 0.5308800000000001 0.10625 0.048960000000000004
1 0.0859375 0.17496 0.134375 0.061919999999999996
1 0.4082812499999994 0.4252999999999988 0.140625 0.0648
