0 0.59453125 0.7097999999999983 0.021875 0.028
0 0.72265625 0.275 0.015625 0.02
0 0.7921875 0.414 0.03125 0.04
0 0.298828125 0.27030000000000026 0.0265625 0.034
0 0.505859375 0.30589999999999995 0.0359375 0.046
0 0.142578125 0.12089999999999991 0.0203125 0.026
0 0.098046875 0.032299999999999995 0.0296875 0.038
1 0.15531250000000008 0.4599800000000004 0.1140625 0.052559999999999996
1 0.3796875 0.35496 0.134375 0.061919999999999996
1 0.46296874999999904 0.09891999999999589 0.0734375 0.033839999999999995
1 0.7549999999999975 0.7020599999999979 0.1265625 0.05832
1 0.44812499999999905 0.5340800000000001 0.10625 0.048960000000000004
1 0.0796875 0.17896 0.134375 0.061919999999999996
1 0.4017187499999995 0.4294999999999989 0.140625 0.0648
