0 0.59140625 0.7153999999999983 0.021875 0.028
0 0.71953125 0.279 0.015625 0.02
0 0.7953125 0.422 0.03125 0.04
0 0.301953125 0.2771000000000002 0.0265625 0.034
0 0.502734375 0.31510000000000005 0.0359375 0.046
0 0.139453125 0.1260999999999999 0.0203125 0.026
0 0.101171875 0.039900000000000005 0.0296875 0.038
1 0.16062500000000007 0.45658000000000043 0.1140625 0.052559999999999996
1 0.3734375 0.35896 0.134375 0.061919999999999996
1 0.45953124999999895 0.09671999999999589 0.0734375 0.033839999999999995
1 0.7490624999999975 0.698259999999998 0.1265625 0.05832
1 0.45312499999999895 0.5372800000000002 0.10625 0.048960000000000004
1 0.0734375 0.18296 0.134375 0.061919999999999996
1 0.3951562499999995 0.4336999999999989 0.140625 0.0648
