0 0.58828125 0.7209999999999982 0.021875 0.028
0 0.71640625 0.283 0.015625 0.02
0 0.7984375 0.43 0.03125 0.04
0 0.305078125 0.28390000000000015 0.0265625 0.034
0 0.499609375 0.3243000000000001 0.0359375 0.046
0 0.139453125 0.1312999999999999 0.0203125 0.026
0 0.104296875 0.0475 0.0296875 0.038
1 0.1659375000000001 0.45318000000000047 0.1140625 0.052559999999999996
1 0.3671875 0.36296 0.134375 0.061919999999999996
1 0.4560937499999989 0.0945199999999959 0.0734375 0.033839999999999995
1 0.7431249999999976 0.694459999999998 0.1265625 0.05832
1 0.458124999999999 0.5404800000000003 0.10625 0.048960000000000004
1 0.0671875 0.18696000000000002 0.134375 0.061919999999999996
1 0.3885937499999995 0.43789999999999896 0.140625 0.0648
