0 0.58515625 0.7265999999999981 0.021875 0.028
0 0.71328125 0.287 0.015625 0.02
0 0.8015625 0.438 0.03125 0.04
0 0.308203125 0.2907000000000001 0.0265625 0.034
0 0.496484375 0.33350000000000013 0.0359375 0.046
0 0.142578125 0.1364999999999999 0.0203125 0.026
0 0.104296875 0.055099999999999996 0.0296875 0.038
1 0.16062500000000007 0.44978000000000046 0.1140625 0.052559999999999996
1 0.3609375 0.36695999999999995 0.134375 0.061919999999999996
1 0.4526562499999988 0.09231999999999592 0.0734375 0.033839999999999995
1 0.7371874999999977 0.690659999999998 0.1265625 0.05832
1 0.46312499999999907 0.5436800000000003 0.10625 0.048960000000000004
1 0.0671875 0.19096000000000002 0.134375 0.061919999999999996
1 0.3820312499999995 0.442099999999999 0.140625 0.0648
