0 0.58203125 0.732199999999998 0.021875 0.028
0 0.71015625 0.291 0.015625 0.02
0 0.7984375 0.446 0.03125 0.04
0 0.305078125 0.29750000000000004 0.0265625 0.034
0 0.496484375 0.34270000000000017 0.0359375 0.046
0 0.145703125 0.14169999999999988 0.0203125 0.026
0 0.101171875 0.06269999999999999 0.0296875 0.038
1 0.15531250000000008 0.4463800000000005 0.1140625 0.052559999999999996
1 0.3546875 0.37095999999999996 0.134375 0.061919999999999996
1 0.4492187499999988 0.09011999999999593 0.0734375 0.033839999999999995
1 0.7312499999999977 0.686859999999998 0.1265625 0.05832
1 0.458124999999999 0.5468800000000004 0.10625 0.048960000000000004
1 0.0734375 0.19496 0.134375 0.061919999999999996
1 0.3754687499999995 0.442099999999999 0.140625 0.0648
