0 0.57890625 0.7377999999999979 0.021875 0.028
0 0.71328125 0.295 0.015625 0.02
0 0.7953125 0.454 0.03125 0.04
0 0.301953125 0.3043 0.0265625 0.034
0 0.499609375 0.3519000000000002 0.0359375 0.046
0 0.148828125 0.14689999999999986 0.0203125 0.026
0 0.098046875 0.07029999999999999 0.0296875 0.038
1 0.15000000000000008 0.44298000000000054 0.1140625 0.052559999999999996
1 0.3484375 0.37495999999999996 0.134375 0.061919999999999996
1 0.4457812499999987 0.08791999999999593 0.0734375 0.033839999999999995
1 0.7253124999999978 0.6830599999999981 0.1265625 0.05832
1 0.45312499999999895 0.5500800000000003 0.10625 0.048960000000000004
1 0.0796875 0.19896 0.134375 0.061919999999999996
1 0.36890624999999955 0.43789999999999896 0.140625 0.0648
