0 0.57578125 0.7433999999999978 0.021875 0.028
0 0.71640625 0.299 0.015625 0.02
0 0.7921875 0.462 0.03125 0.04
0 0.298828125 0.3111 0.0265625 0.034
0 0.502734375 0.36110000000000025 0.0359375 0.046
0 0.151953125 0.15209999999999985 0.0203125 0.026
0 0.094921875 0.07789999999999998 0.0296875 0.038
1 0.14468750000000005 0.4395800000000005 0.1140625 0.052559999999999996
1 0.3421875 0.37895999999999996 0.134375 0.061919999999999996
1 0.4423437499999986 0.08571999999999595 0.0734375 0.033839999999999995
1 0.7193749999999979 0.6792599999999982 0.1265625 0.05832
1 0.44812499999999905 0.5532800000000004 0.10625 0.048960000000000004
1 0.0859375 0.20296 0.134375 0.061919999999999996
1 0.3623437499999996 0.4336999999999989 0.140625 0.0648
