0 0.57890625 0.7489999999999978 0.021875 0.028
0 0.71953125 0.303 0.015625 0.02
0 0.7890625 0.47 0.03125 0.04
0 0.295703125 0.3178999999999999 0.0265625 0.034
0 0.505859375 0.3703000000000003 0.0359375 0.046
0 0.155078125 0.15729999999999983 0.0203125 0.026
0 0.091796875 0.08549999999999996 0.0296875 0.038
1 0.13937500000000005 0.43618000000000057 0.1140625 0.052559999999999996
1 0.3359375 0.38295999999999997 0.134375 0.061919999999999996
1 0.43890624999999855 0.08351999999999596 0.0734375 0.033839999999999995
1 0.713437499999998 0.6754599999999982 0.1265625 0.05832
1 0.443124999999999 0.5564800000000004 0.10625 0.048960000000000004
1 0.0921875 0.20696 0.134375 0.061919999999999996
1 0.3557812499999996 0.4294999999999989 0.140625 0.0648
