0 0.459375 0.9772000000000026 0.04375 0.056
0 0.46015625 0.6401999999999983 0.034375 0.044
0 0.40625 0.31079999999999997 0.01875 0.024
0 0.2171875 0.6132000000000012 0.04375 0.056
0 0.36640625 0.37620000000000037 0.028125 0.036
0 0.71640625 0.2781999999999998 0.040625 0.052
0 0.690234375 0.17010000000000008 0.0421875 0.054
1 0.44218749999999896 0.7149800000000046 0.1140625 0.052559999999999996
1 0.4549999999999992 0.7780400000000047 0.146875 0.06767999999999999
1 0.4078125 0.7489600000000001 0.134375 0.061919999999999996
