0 0.58203125 0.7545999999999976 0.021875 0.028
0 0.72265625 0.307 0.015625 0.02
0 0.7859375 0.478 0.03125 0.04
0 0.292578125 0.3246999999999999 0.0265625 0.034
0 0.508984375 0.37950000000000034 0.0359375 0.046
0 0.155078125 0.16249999999999984 0.0203125 0.026
0 0.088671875 0.09309999999999996 0.0296875 0.038
1 0.13406250000000003 0.4327800000000006 0.1140625 0.052559999999999996
1 0.3296875 0.38695999999999997 0.134375 0.061919999999999996
1 0.43546874999999846 0.08131999999999596 0.0734375 0.033839999999999995
1 0.707499999999998 0.6716599999999983 0.1265625 0.05832
1 0.4381249999999991 0.5596800000000005 0.10625 0.048960000000000004
1 0.0984375 0.21096 0.134375 0.061919999999999996
1 0.3492187499999996 0.4252999999999988 0.140625 0.0648
