0 0.58515625 0.7601999999999975 0.021875 0.028
0 0.72578125 0.311 0.015625 0.02
0 0.7828125 0.486 0.03125 0.04
0 0.289453125 0.33149999999999985 0.0265625 0.034
0 0.512109375 0.3887000000000004 0.0359375 0.046
0 0.151953125 0.16769999999999982 0.0203125 0.026
0 0.088671875 0.10069999999999996 0.0296875 0.038
1 0.12875000000000003 0.4293800000000006 0.1140625 0.052559999999999996
1 0.3234375 0.39096 0.134375 0.061919999999999996
1 0.4320312499999986 0.07911999999999597 0.0734375 0.033839999999999995
1 0.7015624999999981 0.6678599999999983 0.1265625 0.05832
1 0.433124999999999 0.5628800000000006 0.10625 0.048960000000000004
1 0.1046875 0.21496 0.134375 0.061919999999999996
1 0.3426562499999996 0.42109999999999875 0.140625 0.0648
