0 0.58828125 0.7657999999999975 0.021875 0.028
0 0.72890625 0.315 0.015625 0.02
0 0.7859375 0.494 0.03125 0.04
0 0.292578125 0.33829999999999977 0.0265625 0.034
0 0.512109375 0.3979000000000004 0.0359375 0.046
0 0.148828125 0.1728999999999998 0.0203125 0.026
0 0.091796875 0.10829999999999995 0.0296875 0.038
1 0.12343750000000002 0.42598000000000064 0.1140625 0.052559999999999996
1 0.3171875 0.39496 0.134375 0.061919999999999996
1 0.4285937499999985 0.07691999999999596 0.0734375 0.033839999999999995
1 0.6956249999999982 0.6640599999999983 0.1265625 0.05832
1 0.4281249999999991 0.5660800000000006 0.10625 0.048960000000000004
1 0.1109375 0.21896000000000002 0.134375 0.061919999999999996
1 0.33609374999999964 0.4168999999999987 0.140625 0.0648
