0 0.59140625 0.7713999999999973 0.021875 0.028
0 0.72578125 0.319 0.015625 0.02
0 0.7890625 0.502 0.03125 0.04
0 0.295703125 0.34509999999999974 0.0265625 0.034
0 0.508984375 0.40710000000000046 0.0359375 0.046
0 0.145703125 0.1780999999999998 0.0203125 0.026
0 0.094921875 0.11589999999999995 0.0296875 0.038
1 0.11812500000000001 0.4225800000000007 0.1140625 0.052559999999999996
1 0.3109375 0.39896 0.134375 0.061919999999999996
1 0.4251562499999986 0.07911999999999597 0.0734375 0.033839999999999995
1 0.6896874999999982 0.6602599999999984 0.1265625 0.05832
1 0.42312499999999903 0.5692800000000007 0.10625 0.048960000000000004
1 0.1171875 0.22296000000000002 0.134375 0.061919999999999996
1 0.32953124999999966 0.4126999999999987 0.140625 0.0648
