0 0.59453125 0.7769999999999972 0.021875 0.028
0 0.72265625 0.323 0.015625 0.02
0 0.7921875 0.51 0.03125 0.04
0 0.298828125 0.3518999999999997 0.0265625 0.034
0 0.505859375 0.4163000000000005 0.0359375 0.046
0 0.142578125 0.1832999999999998 0.0203125 0.026
0 0.098046875 0.12349999999999994 0.0296875 0.038
0 0.7796875 0.016800000000000002 0.0375 0.048
1 0.11281250000000001 0.41918000000000066 0.1140625 0.052559999999999996
1 0.3046875 0.40296 0.134375 0.061919999999999996
1 0.42171874999999853 0.08131999999999596 0.0734375 0.033839999999999995
1 0.6837499999999983 0.6564599999999985 0.1265625 0.05832
1 0.41812499999999914 0.5660800000000006 0.10625 0.048960000000000004
1 0.1234375 0.22696 0.134375 0.061919999999999996
1 0.3229687499999997 0.40849999999999864 0.140625 0.0648
