0 0.59140625 0.7825999999999972 0.021875 0.028
0 0.71953125 0.327 0.015625 0.02
0 0.7953125 0.518 0.03125 0.04
0 0.301953125 0.35869999999999963 0.0265625 0.034
0 0.502734375 0.42550000000000054 0.0359375 0.046
0 0.139453125 0.18849999999999978 0.0203125 0.026
0 0.101171875 0.13109999999999994 0.0296875 0.038
0 0.7828125 0.0264 0.0375 0.048
0 0.3671875 0.0112 0.025 0.032
1 0.1075 0.4157800000000007 0.1140625 0.052559999999999996
1 0.2984375 0.40696 0.134375 0.061919999999999996
1 0.41828124999999866 0.08351999999999596 0.0734375 0.033839999999999995
1 0.6778124999999984 0.6526599999999985 0.1265625 0.05832
1 0.4131249999999991 0.5628800000000006 0.10625 0.048960000000000004
1 0.1296875 0.23096 0.134375 0.061919999999999996
1 0.31640624999999967 0.4042999999999986 0.140625 0.0648
