0 0.58828125 0.7881999999999971 0.021875 0.028
0 0.71640625 0.331 0.015625 0.02
0 0.7984375 0.526 0.03125 0.04
0 0.305078125 0.3654999999999996 0.0265625 0.034
0 0.499609375 0.43470000000000064 0.0359375 0.046
0 0.139453125 0.19369999999999976 0.0203125 0.026
0 0.104296875 0.13869999999999993 0.0296875 0.038
0 0.7859375 0.036 0.0375 0.048
0 0.3703125 0.0176 0.025 0.032
1 0.10218750000000001 0.41238000000000075 0.1140625 0.052559999999999996
1 0.2921875 0.41096 0.134375 0.061919999999999996
1 0.41484374999999857 0.08571999999999595 0.0734375 0.033839999999999995
1 0.6718749999999984 0.6488599999999985 0.1265625 0.05832
1 0.4081249999999992 0.5596800000000005 0.10625 0.048960000000000004
1 0.1359375 0.23496 0.134375 0.061919999999999996
1 0.3098437499999997 0.40009999999999857 0.140625 0.0648
