0 0.58515625 0.793799999999997 0.021875 0.028
0 0.71328125 0.335 0.015625 0.02
0 0.8015625 0.534 0.03125 0.04
0 0.496484375 0.4439000000000007 0.0359375 0.046
0 0.142578125 0.19889999999999974 0.0203125 0.026
0 0.104296875 0.14629999999999996 0.0296875 0.038
0 0.7890625 0.0456 0.0375 0.048
0 0.3734375 0.024 0.025 0.032
1 0.096875 0.40898000000000073 0.1140625 0.052559999999999996
1 0.2859375 0.41496 0.134375 0.061919999999999996
1 0.4114062499999987 0.08791999999999593 0.0734375 0.033839999999999995
1 0.6659374999999985 0.6450599999999986 0.1265625 0.05832
1 0.4031249999999991 0.5564800000000004 0.10625 0.048960000000000004
1 0.1421875 0.23896 0.134375 0.061919999999999996
1 0.3032812499999997 0.3958999999999985 0.140625 0.0648
