0 0.58203125 0.7993999999999969 0.021875 0.028
0 0.71015625 0.339 0.015625 0.02
0 0.7984375 0.542 0.03125 0.04
0 0.496484375 0.4531000000000007 0.0359375 0.046
0 0.145703125 0.20409999999999973 0.0203125 0.026
0 0.101171875 0.15389999999999998 0.0296875 0.038
0 0.7921875 0.0552 0.0375 0.048
0 0.3765625 0.0304 0.025 0.032
1 0.0915625 0.4055800000000008 0.1140625 0.052559999999999996
1 0.2796875 0.41896 0.134375 0.061919999999999996
1 0.4079687499999986 0.09011999999999593 0.0734375 0.033839999999999995
1 0.6599999999999986 0.6412599999999986 0.1265625 0.05832
1 0.3981249999999992 0.5532800000000004 0.10625 0.048960000000000004
1 0.1484375 0.24296 0.134375 0.061919999999999996
1 0.29671874999999975 0.39169999999999844 0.140625 0.0648
