0 0.57890625 0.8049999999999968 0.021875 0.028
0 0.71328125 0.343 0.015625 0.02
0 0.7953125 0.55 0.03125 0.04
0 0.499609375 0.46230000000000077 0.0359375 0.046
0 0.148828125 0.20929999999999974 0.0203125 0.026
0 0.098046875 0.1615 0.0296875 0.038
0 0.7953125 0.06479999999999998 0.0375 0.048
0 0.3796875 0.0368 0.025 0.032
1 0.08625000000000001 0.4021800000000008 0.1140625 0.052559999999999996
1 0.2734375 0.42296 0.134375 0.061919999999999996
1 0.40453124999999873 0.09231999999999592 0.0734375 0.033839999999999995
1 0.6540624999999987 0.6374599999999987 0.1265625 0.05832
1 0.39312499999999917 0.5500800000000003 0.10625 0.048960000000000004
1 0.1546875 0.24296 0.134375 0.061919999999999996
1 0.2901562499999998 0.3874999999999984 0.140625 0.0648
