0 0.4625 0.9884000000000027 0.04375 0.056
0 0.46328125 0.6489999999999982 0.034375 0.044
0 0.409375 0.31559999999999994 0.01875 0.024
0 0.2140625 0.6244000000000012 0.04375 0.056
0 0.36953125 0.3834000000000004 0.028125 0.036
0 0.71953125 0.28859999999999975 0.040625 0.052
0 0.693359375 0.1809000000000001 0.0421875 0.054
1 0.4474999999999989 0.7115800000000044 0.1140625 0.052559999999999996
1 0.46187499999999915 0.7824400000000048 0.146875 0.06767999999999999
1 0.4140625 0.7529600000000001 0.134375 0.061919999999999996
