0 0.57578125 0.8105999999999968 0.021875 0.028
0 0.71640625 0.347 0.015625 0.02
0 0.7921875 0.558 0.03125 0.04
0 0.502734375 0.4715000000000008 0.0359375 0.046
0 0.151953125 0.21449999999999972 0.0203125 0.026
0 0.094921875 0.16910000000000003 0.0296875 0.038
0 0.7921875 0.07439999999999998 0.0375 0.048
0 0.3828125 0.043199999999999995 0.025 0.032
1 0.08093750000000001 0.3987800000000008 0.1140625 0.052559999999999996
1 0.2671875 0.42696 0.134375 0.061919999999999996
1 0.40109374999999864 0.0945199999999959 0.0734375 0.033839999999999995
1 0.6481249999999987 0.6336599999999987 0.1265625 0.05832
1 0.3881249999999992 0.5468800000000004 0.10625 0.048960000000000004
1 0.1609375 0.23896 0.134375 0.061919999999999996
1 0.28359374999999976 0.38329999999999836 0.140625 0.0648
