0 0.57890625 0.8161999999999966 0.021875 0.028
0 0.71953125 0.351 0.015625 0.02
0 0.7890625 0.566 0.03125 0.04
0 0.505859375 0.48070000000000085 0.0359375 0.046
0 0.091796875 0.17670000000000005 0.0296875 0.038
0 0.7890625 0.08399999999999999 0.0375 0.048
0 0.3796875 0.0496 0.025 0.032
1 0.07562500000000001 0.39538000000000084 0.1140625 0.052559999999999996
1 0.2609375 0.43095999999999995 0.134375 0.061919999999999996
1 0.3976562499999987 0.09671999999999589 0.0734375 0.033839999999999995
1 0.6421874999999988 0.6298599999999988 0.1265625 0.05832
1 0.3831249999999992 0.5436800000000003 0.10625 0.048960000000000004
1 0.1671875 0.23496 0.134375 0.061919999999999996
1 0.2770312499999998 0.3790999999999983 0.140625 0.0648
