0 0.58203125 0.8217999999999965 0.021875 0.028
0 0.72265625 0.355 0.015625 0.02
0 0.7859375 0.574 0.03125 0.04
0 0.508984375 0.4899000000000009 0.0359375 0.046
0 0.088671875 0.18430000000000007 0.0296875 0.038
0 0.7859375 0.09359999999999997 0.0375 0.048
0 0.3765625 0.05600000000000001 0.025 0.032
1 0.07031250000000001 0.3919800000000009 0.1140625 0.052559999999999996
1 0.2546875 0.43495999999999996 0.134375 0.061919999999999996
1 0.39421874999999873 0.09891999999999589 0.0734375 0.033839999999999995
1 0.6362499999999989 0.6260599999999988 0.1265625 0.05832
1 0.37812499999999927 0.5404800000000003 0.10625 0.048960000000000004
1 0.1734375 0.23096 0.134375 0.061919999999999996
1 0.2704687499999998 0.3748999999999983 0.140625 0.0648
