0 0.58515625 0.8273999999999965 0.021875 0.028
0 0.72578125 0.359 0.015625 0.02
0 0.7828125 0.582 0.03125 0.04
0 0.512109375 0.49910000000000093 0.0359375 0.046
0 0.088671875 0.1919000000000001 0.0296875 0.038
0 0.7828125 0.10319999999999997 0.0375 0.048
0 0.3734375 0.06240000000000001 0.025 0.032
1 0.06500000000000002 0.38858000000000087 0.1140625 0.052559999999999996
1 0.2484375 0.43895999999999996 0.134375 0.061919999999999996
1 0.39078124999999875 0.10111999999999587 0.0734375 0.033839999999999995
1 0.6303124999999989 0.6222599999999988 0.1265625 0.05832
1 0.37312499999999926 0.5372800000000002 0.10625 0.048960000000000004
1 0.1796875 0.22696 0.134375 0.061919999999999996
1 0.26390624999999984 0.37069999999999825 0.140625 0.0648
