0 0.58828125 0.8329999999999964 0.021875 0.028
0 0.72890625 0.363 0.015625 0.02
0 0.7859375 0.59 0.03125 0.04
0 0.512109375 0.508300000000001 0.0359375 0.046
0 0.091796875 0.19950000000000012 0.0296875 0.038
0 0.7796875 0.11279999999999997 0.0375 0.048
0 0.3703125 0.06880000000000001 0.025 0.032
1 0.059687500000000004 0.3851800000000009 0.1140625 0.052559999999999996
1 0.2421875 0.44295999999999996 0.134375 0.061919999999999996
1 0.38734374999999877 0.10331999999999586 0.0734375 0.033839999999999995
1 0.624374999999999 0.6184599999999989 0.1265625 0.05832
1 0.36812499999999926 0.5340800000000001 0.10625 0.048960000000000004
1 0.1859375 0.22296000000000002 0.134375 0.061919999999999996
1 0.25734374999999987 0.36649999999999816 0.140625 0.0648
