0 0.59140625 0.8385999999999962 0.021875 0.028
0 0.72578125 0.367 0.015625 0.02
0 0.7890625 0.598 0.03125 0.04
0 0.508984375 0.5175000000000011 0.0359375 0.046
0 0.094921875 0.20710000000000015 0.0296875 0.038
0 0.7765625 0.12239999999999997 0.0375 0.048
0 0.3671875 0.07520000000000002 0.025 0.032
1 0.05437500000000001 0.38178000000000095 0.1140625 0.052559999999999996
1 0.2359375 0.44695999999999997 0.134375 0.061919999999999996
1 0.3839062499999988 0.10551999999999585 0.0734375 0.033839999999999995
1 0.6184374999999991 0.614659999999999 0.1265625 0.05832
1 0.3631249999999993 0.5308800000000001 0.10625 0.048960000000000004
1 0.1921875 0.21896000000000002 0.134375 0.061919999999999996
1 0.25078124999999984 0.3622999999999981 0.140625 0.0648
