0 0.59453125 0.8441999999999962 0.021875 0.028
0 0.72265625 0.371 0.015625 0.02
0 0.7921875 0.606 0.03125 0.04
0 0.505859375 0.5267000000000011 0.0359375 0.046
0 0.098046875 0.21470000000000017 0.0296875 0.038
0 0.7796875 0.13199999999999995 0.0375 0.048
0 0.3640625 0.08160000000000002 0.025 0.032
1 0.059687500000000004 0.37838000000000094 0.1140625 0.052559999999999996
1 0.2296875 0.45095999999999997 0.134375 0.061919999999999996
1 0.3804687499999988 0.10771999999999583 0.0734375 0.033839999999999995
1 0.6124999999999992 0.610859999999999 0.1265625 0.05832
1 0.3581249999999993 0.52768 0.10625 0.048960000000000004
1 0.1984375 0.21496 0.134375 0.061919999999999996
1 0.24421874999999987 0.3580999999999981 0.140625 0.0648
