0 0.59140625 0.8497999999999961 0.021875 0.028
0 0.71953125 0.375 0.015625 0.02
0 0.7953125 0.614 0.03125 0.04
0 0.502734375 0.5359000000000012 0.0359375 0.046
0 0.139453125 0.2508999999999996 0.0203125 0.026
0 0.101171875 0.2223000000000002 0.0296875 0.038
0 0.7828125 0.14159999999999998 0.0375 0.048
0 0.3671875 0.08800000000000002 0.025 0.032
1 0.06500000000000002 0.374980000000001 0.1140625 0.052559999999999996
1 0.2234375 0.45496 0.134375 0.061919999999999996
1 0.3770312499999988 0.10991999999999583 0.0734375 0.033839999999999995
1 0.6065624999999992 0.607059999999999 0.1265625 0.05832
1 0.35312499999999936 0.5244800000000001 0.10625 0.048960000000000004
1 0.2046875 0.21096 0.134375 0.061919999999999996
1 0.2376562499999999 0.35389999999999805 0.140625 0.0648
