0 0.58828125 0.855399999999996 0.021875 0.028
0 0.71640625 0.379 0.015625 0.02
0 0.7984375 0.622 0.03125 0.04
0 0.499609375 0.5451000000000011 0.0359375 0.046
0 0.139453125 0.2560999999999996 0.0203125 0.026
0 0.104296875 0.22990000000000022 0.0296875 0.038
0 0.7859375 0.1512 0.0375 0.048
0 0.3703125 0.09440000000000004 0.025 0.032
1 0.07031250000000001 0.371580000000001 0.1140625 0.052559999999999996
1 0.2171875 0.45896 0.134375 0.061919999999999996
1 0.37359374999999884 0.1121199999999958 0.0734375 0.033839999999999995
1 0.6006249999999993 0.6032599999999991 0.1265625 0.05832
1 0.34812499999999935 0.52128 0.10625 0.048960000000000004
1 0.2109375 0.20696 0.134375 0.061919999999999996
1 0.23109374999999993 0.349699999999998 0.140625 0.0648
