0 0.58515625 0.8609999999999959 0.021875 0.028
0 0.71328125 0.383 0.015625 0.02
0 0.8015625 0.63 0.03125 0.04
0 0.496484375 0.5543000000000012 0.0359375 0.046
0 0.142578125 0.2612999999999996 0.0203125 0.026
0 0.104296875 0.23750000000000024 0.0296875 0.038
0 0.7890625 0.1608 0.0375 0.048
0 0.3734375 0.10080000000000004 0.025 0.032
1 0.07562500000000001 0.368180000000001 0.1140625 0.052559999999999996
1 0.2109375 0.46296 0.134375 0.061919999999999996
1 0.37015624999999885 0.1143199999999958 0.0734375 0.033839999999999995
1 0.5946874999999994 0.5994599999999991 0.1265625 0.05832
1 0.34312499999999935 0.5180799999999999 0.10625 0.048960000000000004
1 0.2171875 0.20296 0.134375 0.061919999999999996
1 0.22453124999999993 0.345499999999998 0.140625 0.0648
