0 0.465625 0.9996000000000027 0.04375 0.056
0 0.46640625 0.6577999999999983 0.034375 0.044
0 0.4125 0.32039999999999985 0.01875 0.024
0 0.2109375 0.6356000000000013 0.04375 0.056
0 0.37265625 0.3906000000000005 0.028125 0.036
0 0.72265625 0.2989999999999997 0.040625 0.052
0 0.696484375 0.1917000000000001 0.0421875 0.054
1 0.45281249999999884 0.7081800000000044 0.1140625 0.052559999999999996
1 0.4687499999999991 0.7868400000000049 0.146875 0.06767999999999999
1 0.4203125 0.7569600000000001 0.134375 0.061919999999999996
