0 0.58203125 0.8665999999999958 0.021875 0.028
0 0.71015625 0.387 0.015625 0.02
0 0.7984375 0.638 0.03125 0.04
0 0.496484375 0.5635000000000012 0.0359375 0.046
0 0.145703125 0.2664999999999997 0.0203125 0.026
0 0.101171875 0.24510000000000026 0.0296875 0.038
0 0.7921875 0.17040000000000002 0.0375 0.048
0 0.3765625 0.10720000000000005 0.025 0.032
1 0.08093750000000001 0.36478000000000105 0.1140625 0.052559999999999996
1 0.2046875 0.46696 0.134375 0.061919999999999996
1 0.36671874999999887 0.1165199999999958 0.0734375 0.033839999999999995
1 0.5887499999999994 0.5956599999999992 0.1265625 0.05832
1 0.3381249999999994 0.5148799999999999 0.10625 0.048960000000000004
1 0.2234375 0.19896 0.134375 0.061919999999999996
1 0.21796874999999996 0.3412999999999979 0.140625 0.0648
