0 0.57890625 0.8721999999999958 0.021875 0.028
0 0.71328125 0.391 0.015625 0.02
0 0.7953125 0.646 0.03125 0.04
0 0.499609375 0.5727000000000013 0.0359375 0.046
0 0.148828125 0.2716999999999997 0.0203125 0.026
0 0.098046875 0.25270000000000026 0.0296875 0.038
0 0.7953125 0.18000000000000005 0.0375 0.048
0 0.3796875 0.11360000000000005 0.025 0.032
0 0.7515625 0.025200000000000004 0.04375 0.056
1 0.08625000000000001 0.3613800000000011 0.1140625 0.052559999999999996
1 0.1984375 0.47096 0.134375 0.061919999999999996
1 0.3632812499999989 0.11871999999999577 0.0734375 0.033839999999999995
1 0.5828124999999995 0.5918599999999992 0.1265625 0.05832
1 0.3331249999999994 0.5116799999999998 0.10625 0.048960000000000004
1 0.2296875 0.19496 0.134375 0.061919999999999996
1 0.21140624999999996 0.33709999999999785 0.140625 0.0648
