0 0.57578125 0.8777999999999956 0.021875 0.028
0 0.71640625 0.395 0.015625 0.02
0 0.7921875 0.654 0.03125 0.04
0 0.502734375 0.5819000000000013 0.0359375 0.046
0 0.151953125 0.27689999999999976 0.0203125 0.026
0 0.094921875 0.2603000000000003 0.0296875 0.038
0 0.7921875 0.18960000000000007 0.0375 0.048
0 0.3828125 0.12000000000000005 0.025 0.032
0 0.7546875 0.03640000000000001 0.04375 0.056
1 0.0915625 0.3579800000000011 0.1140625 0.052559999999999996
1 0.1921875 0.47496 0.134375 0.061919999999999996
1 0.3598437499999989 0.1165199999999958 0.0734375 0.033839999999999995
1 0.5768749999999996 0.5880599999999992 0.1265625 0.05832
1 0.32812499999999944 0.5084799999999998 0.10625 0.048960000000000004
1 0.2359375 0.19096000000000002 0.134375 0.061919999999999996
1 0.20484375 0.3328999999999978 0.140625 0.0648
