0 0.57890625 0.8833999999999955 0.021875 0.028
0 0.71953125 0.399 0.015625 0.02
0 0.7890625 0.662 0.03125 0.04
0 0.505859375 0.5911000000000014 0.0359375 0.046
0 0.155078125 0.2820999999999998 0.0203125 0.026
0 0.091796875 0.2679000000000003 0.0296875 0.038
0 0.7890625 0.1992000000000001 0.0375 0.048
0 0.3796875 0.12640000000000007 0.025 0.032
0 0.7578125 0.0476 0.04375 0.056
1 0.096875 0.3545800000000011 0.1140625 0.052559999999999996
1 0.1859375 0.47896 0.134375 0.061919999999999996
1 0.3564062499999989 0.1143199999999958 0.0734375 0.033839999999999995
1 0.5709374999999997 0.5842599999999993 0.1265625 0.05832
1 0.32312499999999944 0.5052799999999997 0.10625 0.048960000000000004
1 0.2421875 0.18696000000000002 0.134375 0.061919999999999996
1 0.19828125000000002 0.32869999999999777 0.140625 0.0648
