0 0.58203125 0.8889999999999955 0.021875 0.028
0 0.72265625 0.403 0.015625 0.02
0 0.7859375 0.67 0.03125 0.04
0 0.508984375 0.6003000000000014 0.0359375 0.046
0 0.155078125 0.28729999999999983 0.0203125 0.026
0 0.088671875 0.27550000000000036 0.0296875 0.038
0 0.7859375 0.20880000000000012 0.0375 0.048
0 0.3765625 0.13280000000000006 0.025 0.032
0 0.7609375 0.058800000000000005 0.04375 0.056
0 0.489453125 0.011699999999999999 0.0203125 0.026
1 0.10218750000000001 0.35118000000000116 0.1140625 0.052559999999999996
1 0.1796875 0.48296 0.134375 0.061919999999999996
1 0.35296874999999894 0.1121199999999958 0.0734375 0.033839999999999995
1 0.5649999999999997 0.5804599999999993 0.1265625 0.05832
1 0.31812499999999944 0.5020799999999997 0.10625 0.048960000000000004
1 0.2484375 0.18296 0.134375 0.061919999999999996
1 0.19171875000000002 0.32449999999999773 0.140625 0.0648
