0 0.58515625 0.8945999999999954 0.021875 0.028
0 0.72578125 0.407 0.015625 0.02
0 0.7828125 0.678 0.03125 0.04
0 0.512109375 0.6095000000000015 0.0359375 0.046
0 0.151953125 0.29249999999999987 0.0203125 0.026
0 0.088671875 0.28310000000000035 0.0296875 0.038
0 0.7828125 0.21840000000000015 0.0375 0.048
0 0.3734375 0.13920000000000005 0.025 0.032
0 0.7640625 0.07 0.04375 0.056
0 0.492578125 0.0169 0.0203125 0.026
1 0.1075 0.34778000000000114 0.1140625 0.052559999999999996
1 0.1734375 0.48696 0.134375 0.061919999999999996
1 0.34953124999999896 0.10991999999999583 0.0734375 0.033839999999999995
1 0.5590624999999998 0.5766599999999994 0.1265625 0.05832
1 0.3131249999999995 0.49887999999999966 0.10625 0.048960000000000004
1 0.2546875 0.17896 0.134375 0.061919999999999996
1 0.18515625000000005 0.3202999999999977 0.140625 0.0648
