0 0.58828125 0.9001999999999952 0.021875 0.028
0 0.72890625 0.411 0.015625 0.02
0 0.7859375 0.686 0.03125 0.04
0 0.512109375 0.6187000000000015 0.0359375 0.046
0 0.091796875 0.2907000000000004 0.0296875 0.038
0 0.7796875 0.22800000000000017 0.0375 0.048
0 0.3703125 0.14560000000000003 0.025 0.032
0 0.7640625 0.08120000000000001 0.04375 0.056
0 0.495703125 0.0221 0.0203125 0.026
1 0.11281250000000001 0.3443800000000012 0.1140625 0.052559999999999996
1 0.1671875 0.49095999999999995 0.134375 0.061919999999999996
1 0.346093749999999 0.10771999999999583 0.0734375 0.033839999999999995
1 0.5531249999999999 0.5728599999999995 0.1265625 0.05832
1 0.3081249999999995 0.4956799999999996 0.10625 0.048960000000000004
1 0.2609375 0.17496 0.134375 0.061919999999999996
1 0.17859375000000005 0.31609999999999766 0.140625 0.0648
