0 0.59140625 0.9057999999999952 0.021875 0.028
0 0.72578125 0.415 0.015625 0.02
0 0.7890625 0.694 0.03125 0.04
0 0.508984375 0.6279000000000016 0.0359375 0.046
0 0.094921875 0.2983000000000004 0.0296875 0.038
0 0.7765625 0.2376000000000002 0.0375 0.048
0 0.3671875 0.152 0.025 0.032
0 0.7609375 0.0924 0.04375 0.056
0 0.498828125 0.0273 0.0203125 0.026
1 0.11812500000000001 0.3409800000000012 0.1140625 0.052559999999999996
1 0.1609375 0.49495999999999996 0.134375 0.061919999999999996
1 0.342656249999999 0.10551999999999585 0.0734375 0.033839999999999995
1 0.5471874999999999 0.5690599999999995 0.1265625 0.05832
1 0.30312499999999953 0.4924799999999996 0.10625 0.048960000000000004
1 0.2671875 0.17096 0.134375 0.061919999999999996
1 0.17203125000000008 0.31189999999999757 0.140625 0.0648
