0 0.59453125 0.9113999999999951 0.021875 0.028
0 0.72265625 0.419 0.015625 0.02
0 0.7921875 0.702 0.03125 0.04
0 0.098046875 0.30590000000000045 0.0296875 0.038
0 0.7796875 0.24720000000000023 0.0375 0.048
0 0.3640625 0.15839999999999999 0.025 0.032
0 0.7578125 0.10359999999999998 0.04375 0.056
0 0.501953125 0.0325 0.0203125 0.026
1 0.12343750000000002 0.3375800000000012 0.1140625 0.052559999999999996
1 0.1546875 0.49895999999999996 0.134375 0.061919999999999996
1 0.339218749999999 0.10331999999999586 0.0734375 0.033839999999999995
1 0.54125 0.5652599999999995 0.1265625 0.05832
1 0.29812499999999953 0.4892799999999995 0.10625 0.048960000000000004
1 0.2734375 0.16696 0.134375 0.061919999999999996
1 0.16546875000000008 0.30769999999999753 0.140625 0.0648
