0 0.59140625 0.916999999999995 0.021875 0.028
0 0.71953125 0.423 0.015625 0.02
0 0.7953125 0.71 0.03125 0.04
0 0.7828125 0.25680000000000025 0.0375 0.048
0 0.3671875 0.16479999999999995 0.025 0.032
0 0.7546875 0.11479999999999997 0.04375 0.056
0 0.501953125 0.037700000000000004 0.0203125 0.026
1 0.12875000000000003 0.33418000000000125 0.1140625 0.052559999999999996
1 0.1484375 0.50296 0.134375 0.061919999999999996
1 0.33578124999999903 0.10111999999999587 0.0734375 0.033839999999999995
1 0.5353125000000001 0.5614599999999996 0.1265625 0.05832
1 0.2931249999999995 0.48607999999999946 0.10625 0.048960000000000004
1 0.2796875 0.16296000000000002 0.134375 0.061919999999999996
1 0.15890625000000008 0.3034999999999975 0.140625 0.0648
