0 0.46875 1.0108000000000028 0.04375 0.056
0 0.46953125 0.6665999999999982 0.034375 0.044
0 0.409375 0.3251999999999998 0.01875 0.024
0 0.2078125 0.6468000000000014 0.04375 0.056
0 0.37265625 0.39780000000000054 0.028125 0.036
0 0.72578125 0.3093999999999997 0.040625 0.052
0 0.699609375 0.20250000000000012 0.0421875 0.054
1 0.4581249999999989 0.7047800000000043 0.1140625 0.052559999999999996
1 0.4756249999999992 0.791240000000005 0.146875 0.06767999999999999
1 0.4265625 0.7609600000000001 0.134375 0.061919999999999996
