0 0.58828125 0.9225999999999949 0.021875 0.028
0 0.71640625 0.427 0.015625 0.02
0 0.7984375 0.718 0.03125 0.04
0 0.7859375 0.26640000000000025 0.0375 0.048
0 0.3703125 0.17119999999999994 0.025 0.032
0 0.7515625 0.12599999999999995 0.04375 0.056
0 0.498828125 0.04290000000000001 0.0203125 0.026
1 0.13406250000000003 0.3307800000000013 0.1140625 0.052559999999999996
1 0.1421875 0.50696 0.134375 0.061919999999999996
1 0.33234374999999905 0.09891999999999589 0.0734375 0.033839999999999995
1 0.5293750000000002 0.5576599999999996 0.1265625 0.05832
1 0.2881249999999996 0.4828799999999994 0.10625 0.048960000000000004
1 0.2859375 0.15896000000000002 0.134375 0.061919999999999996
1 0.15234375000000006 0.29929999999999746 0.140625 0.0648
