0 0.58515625 0.9281999999999948 0.021875 0.028
0 0.71328125 0.431 0.015625 0.02
0 0.8015625 0.726 0.03125 0.04
0 0.7890625 0.2760000000000003 0.0375 0.048
0 0.3734375 0.1775999999999999 0.025 0.032
0 0.7484375 0.13719999999999993 0.04375 0.056
0 0.495703125 0.04810000000000001 0.0203125 0.026
1 0.13937500000000005 0.3273800000000013 0.1140625 0.052559999999999996
1 0.1359375 0.51096 0.134375 0.061919999999999996
1 0.32890624999999907 0.09671999999999589 0.0734375 0.033839999999999995
1 0.5234375000000002 0.5538599999999997 0.1265625 0.05832
1 0.28312499999999957 0.4796799999999994 0.10625 0.048960000000000004
1 0.2921875 0.15496000000000001 0.134375 0.061919999999999996
1 0.14578125000000006 0.2950999999999974 0.140625 0.0648
