0 0.58203125 0.9337999999999947 0.021875 0.028
0 0.71015625 0.435 0.015625 0.02
0 0.7984375 0.734 0.03125 0.04
0 0.7921875 0.2856000000000003 0.0375 0.048
0 0.3765625 0.18399999999999989 0.025 0.032
0 0.7484375 0.14839999999999995 0.04375 0.056
0 0.492578125 0.053300000000000014 0.0203125 0.026
1 0.14468750000000005 0.3239800000000013 0.1140625 0.052559999999999996
1 0.1296875 0.5149600000000001 0.134375 0.061919999999999996
1 0.3254687499999991 0.0945199999999959 0.0734375 0.033839999999999995
1 0.5175000000000003 0.5500599999999998 0.1265625 0.05832
1 0.2781249999999996 0.47647999999999935 0.10625 0.048960000000000004
1 0.2984375 0.15096 0.134375 0.061919999999999996
1 0.13921875000000006 0.2908999999999974 0.140625 0.0648
