0 0.57890625 0.9393999999999947 0.021875 0.028
0 0.71328125 0.439 0.015625 0.02
0 0.7953125 0.742 0.03125 0.04
0 0.7953125 0.29520000000000035 0.0375 0.048
0 0.3796875 0.19039999999999987 0.025 0.032
0 0.7515625 0.15959999999999994 0.04375 0.056
0 0.489453125 0.05850000000000002 0.0203125 0.026
1 0.15000000000000008 0.32058000000000136 0.1140625 0.052559999999999996
1 0.1234375 0.5189600000000001 0.134375 0.061919999999999996
1 0.3220312499999991 0.09231999999999592 0.0734375 0.033839999999999995
1 0.5115625000000004 0.5538599999999997 0.1265625 0.05832
1 0.2731249999999996 0.4732799999999993 0.10625 0.048960000000000004
1 0.3046875 0.14696 0.134375 0.061919999999999996
1 0.13265625000000006 0.2866999999999974 0.140625 0.0648
