0 0.57578125 0.9449999999999945 0.021875 0.028
0 0.71640625 0.443 0.015625 0.02
0 0.7921875 0.75 0.03125 0.04
0 0.7921875 0.30480000000000035 0.0375 0.048
0 0.7546875 0.17079999999999992 0.04375 0.056
0 0.486328125 0.06370000000000002 0.0203125 0.026
1 0.15531250000000008 0.31718000000000135 0.1140625 0.052559999999999996
1 0.1171875 0.5229600000000001 0.134375 0.061919999999999996
1 0.3185937499999991 0.09011999999999593 0.0734375 0.033839999999999995
1 0.5056250000000004 0.5500599999999998 0.1265625 0.05832
1 0.2681249999999996 0.4700799999999992 0.10625 0.048960000000000004
1 0.3109375 0.14296 0.134375 0.061919999999999996
1 0.12609375000000006 0.28249999999999736 0.140625 0.0648
