0 0.57890625 0.9505999999999944 0.021875 0.028
0 0.71953125 0.447 0.015625 0.02
0 0.7890625 0.758 0.03125 0.04
0 0.7890625 0.3144000000000004 0.0375 0.048
0 0.7578125 0.1819999999999999 0.04375 0.056
0 0.486328125 0.06890000000000002 0.0203125 0.026
1 0.16062500000000007 0.3137800000000014 0.1140625 0.052559999999999996
1 0.1109375 0.52696 0.134375 0.061919999999999996
1 0.31515624999999914 0.08791999999999593 0.0734375 0.033839999999999995
1 0.49968750000000045 0.5462599999999997 0.1265625 0.05832
1 0.26312499999999966 0.4668799999999992 0.10625 0.048960000000000004
1 0.3171875 0.13896 0.134375 0.061919999999999996
1 0.11953125000000005 0.2782999999999974 0.140625 0.0648
