0 0.58203125 0.9561999999999944 0.021875 0.028
0 0.72265625 0.451 0.015625 0.02
0 0.7859375 0.766 0.03125 0.04
0 0.7859375 0.3240000000000004 0.0375 0.048
0 0.7609375 0.1931999999999999 0.04375 0.056
0 0.489453125 0.07410000000000001 0.0203125 0.026
1 0.1659375000000001 0.31038000000000143 0.1140625 0.052559999999999996
1 0.1046875 0.53096 0.134375 0.061919999999999996
1 0.31171874999999916 0.08571999999999595 0.0734375 0.033839999999999995
1 0.4937500000000005 0.5424599999999998 0.1265625 0.05832
1 0.25812499999999966 0.46367999999999915 0.10625 0.048960000000000004
1 0.3234375 0.13496 0.134375 0.061919999999999996
1 0.11296875000000003 0.2740999999999974 0.140625 0.0648
