0 0.58515625 0.9617999999999942 0.021875 0.028
0 0.72578125 0.455 0.015625 0.02
0 0.7828125 0.774 0.03125 0.04
0 0.7828125 0.3336000000000004 0.0375 0.048
0 0.7640625 0.2043999999999999 0.04375 0.056
0 0.492578125 0.0793 0.0203125 0.026
0 0.834375 0.014 0.03125 0.04
1 0.1712500000000001 0.3069800000000014 0.1140625 0.052559999999999996
1 0.0984375 0.53496 0.134375 0.061919999999999996
1 0.3082812499999992 0.08351999999999596 0.0734375 0.033839999999999995
1 0.4878125000000006 0.5386599999999998 0.1265625 0.05832
1 0.2531249999999997 0.4604799999999991 0.10625 0.048960000000000004
1 0.3296875 0.13096000000000002 0.134375 0.061919999999999996
1 0.10640625000000004 0.2698999999999974 0.140625 0.0648
