0 0.58828125 0.9673999999999942 0.021875 0.028
0 0.72890625 0.459 0.015625 0.02
0 0.7859375 0.782 0.03125 0.04
0 0.7796875 0.34320000000000045 0.0375 0.048
0 0.7640625 0.21559999999999988 0.04375 0.056
0 0.495703125 0.08449999999999999 0.0203125 0.026
0 0.8375 0.022 0.03125 0.04
1 0.17656250000000012 0.30358000000000146 0.1140625 0.052559999999999996
1 0.0921875 0.53896 0.134375 0.061919999999999996
1 0.3048437499999992 0.08131999999999596 0.0734375 0.033839999999999995
1 0.48187500000000066 0.5348599999999999 0.1265625 0.05832
1 0.2481249999999997 0.4572799999999991 0.10625 0.048960000000000004
1 0.3359375 0.12696 0.134375 0.061919999999999996
1 0.09984375000000004 0.26569999999999744 0.140625 0.0648
