0 0.59140625 0.9729999999999941 0.021875 0.028
0 0.72578125 0.463 0.015625 0.02
0 0.7890625 0.79 0.03125 0.04
0 0.7765625 0.35280000000000045 0.0375 0.048
0 0.7609375 0.22679999999999986 0.04375 0.056
0 0.498828125 0.08969999999999997 0.0203125 0.026
0 0.840625 0.03 0.03125 0.04
1 0.18187500000000012 0.3001800000000015 0.1140625 0.052559999999999996
1 0.0859375 0.54296 0.134375 0.061919999999999996
1 0.3014062499999992 0.07911999999999597 0.0734375 0.033839999999999995
1 0.47593750000000073 0.53106 0.1265625 0.05832
1 0.24312499999999973 0.45407999999999904 0.10625 0.048960000000000004
1 0.3421875 0.12296 0.134375 0.061919999999999996
1 0.09328125000000002 0.26149999999999746 0.140625 0.0648
