0 0.59453125 0.978599999999994 0.021875 0.028
0 0.72265625 0.467 0.015625 0.02
0 0.7921875 0.798 0.03125 0.04
0 0.7796875 0.3624000000000005 0.0375 0.048
0 0.7578125 0.23799999999999985 0.04375 0.056
0 0.501953125 0.09489999999999996 0.0203125 0.026
0 0.84375 0.038 0.03125 0.04
1 0.18718750000000012 0.2967800000000015 0.1140625 0.052559999999999996
1 0.0796875 0.54696 0.134375 0.061919999999999996
1 0.2979687499999992 0.07691999999999596 0.0734375 0.033839999999999995
1 0.4700000000000008 0.52726 0.1265625 0.05832
1 0.23812499999999975 0.45087999999999895 0.10625 0.048960000000000004
1 0.3484375 0.11896 0.134375 0.061919999999999996
1 0.08671875000000004 0.2572999999999975 0.140625 0.0648
