0 0.59140625 0.9841999999999939 0.021875 0.028
0 0.71953125 0.471 0.015625 0.02
0 0.7953125 0.806 0.03125 0.04
0 0.7828125 0.3720000000000005 0.0375 0.048
0 0.7546875 0.24919999999999984 0.04375 0.056
0 0.501953125 0.10009999999999995 0.0203125 0.026
0 0.846875 0.046 0.03125 0.04
1 0.19250000000000014 0.29338000000000153 0.1140625 0.052559999999999996
1 0.0734375 0.55096 0.134375 0.061919999999999996
1 0.29453124999999925 0.07911999999999597 0.0734375 0.033839999999999995
1 0.4640625000000009 0.52346 0.1265625 0.05832
1 0.23312499999999975 0.4476799999999989 0.10625 0.048960000000000004
1 0.3546875 0.11495999999999999 0.134375 0.061919999999999996
1 0.08015625000000003 0.25309999999999744 0.140625 0.0648
