0 0.58828125 0.9897999999999938 0.021875 0.028
0 0.71640625 0.475 0.015625 0.02
0 0.7984375 0.814 0.03125 0.04
0 0.7859375 0.38160000000000055 0.0375 0.048
0 0.7515625 0.26039999999999985 0.04375 0.056
0 0.498828125 0.10529999999999994 0.0203125 0.026
0 0.85 0.054 0.03125 0.04
1 0.19781250000000014 0.28998000000000157 0.1140625 0.052559999999999996
1 0.0671875 0.55496 0.134375 0.061919999999999996
1 0.29109374999999926 0.08131999999999596 0.0734375 0.033839999999999995
1 0.4581250000000009 0.5196600000000001 0.1265625 0.05832
1 0.22812499999999977 0.4444799999999989 0.10625 0.048960000000000004
1 0.3609375 0.11095999999999999 0.134375 0.061919999999999996
1 0.07359375000000004 0.24889999999999748 0.140625 0.0648
