0 0.58515625 0.9953999999999937 0.021875 0.028
0 0.71328125 0.479 0.015625 0.02
0 0.8015625 0.822 0.03125 0.04
0 0.7890625 0.39120000000000055 0.0375 0.048
0 0.7484375 0.27159999999999984 0.04375 0.056
0 0.495703125 0.11049999999999993 0.0203125 0.026
0 0.846875 0.062 0.03125 0.04
1 0.20312500000000017 0.28658000000000156 0.1140625 0.052559999999999996
1 0.0671875 0.55896 0.134375 0.061919999999999996
1 0.2876562499999993 0.08351999999999596 0.0734375 0.033839999999999995
1 0.45218750000000085 0.5158600000000001 0.1265625 0.05832
1 0.2231249999999998 0.44127999999999884 0.10625 0.048960000000000004
1 0.3671875 0.10696 0.134375 0.061919999999999996
1 0.06703125000000003 0.24469999999999748 0.140625 0.0648
