0 0.58203125 1.0009999999999937 0.021875 0.028
0 0.71015625 0.483 0.015625 0.02
0 0.7984375 0.83 0.03125 0.04
0 0.7921875 0.4008000000000006 0.0375 0.048
0 0.7484375 0.2827999999999999 0.04375 0.056
0 0.492578125 0.11569999999999991 0.0203125 0.026
0 0.84375 0.07 0.03125 0.04
1 0.20843750000000014 0.2831800000000016 0.1140625 0.052559999999999996
1 0.0734375 0.56296 0.134375 0.061919999999999996
1 0.2842187499999993 0.08571999999999595 0.0734375 0.033839999999999995
1 0.4462500000000008 0.5120600000000002 0.1265625 0.05832
1 0.21812499999999982 0.4380799999999988 0.10625 0.048960000000000004
1 0.3734375 0.10296 0.134375 0.061919999999999996
1 0.07359375000000004 0.2404999999999975 0.140625 0.0648
