0 0.57890625 1.0065999999999935 0.021875 0.028
0 0.71328125 0.487 0.015625 0.02
0 0.7953125 0.838 0.03125 0.04
0 0.7953125 0.4104000000000006 0.0375 0.048
0 0.7515625 0.29399999999999993 0.04375 0.056
0 0.489453125 0.12089999999999991 0.0203125 0.026
0 0.840625 0.078 0.03125 0.04
0 0.3234375 0.0216 0.0375 0.048
1 0.2137500000000002 0.27978000000000164 0.1140625 0.052559999999999996
1 0.0796875 0.56696 0.134375 0.061919999999999996
1 0.2807812499999993 0.08791999999999593 0.0734375 0.033839999999999995
1 0.44031250000000083 0.5082600000000003 0.1265625 0.05832
1 0.21312499999999984 0.43487999999999877 0.10625 0.048960000000000004
1 0.3796875 0.09895999999999999 0.134375 0.061919999999999996
1 0.08015625000000003 0.2362999999999975 0.140625 0.0648
