0 0.71640625 0.491 0.015625 0.02
0 0.7921875 0.846 0.03125 0.04
0 0.7921875 0.42000000000000065 0.0375 0.048
0 0.7546875 0.30519999999999997 0.04375 0.056
0 0.486328125 0.1260999999999999 0.0203125 0.026
0 0.8375 0.086 0.03125 0.04
0 0.3265625 0.0312 0.0375 0.048
1 0.21906250000000016 0.2763800000000016 0.1140625 0.052559999999999996
1 0.0859375 0.57096 0.134375 0.061919999999999996
1 0.27734374999999933 0.09011999999999593 0.0734375 0.033839999999999995
1 0.4343750000000008 0.5044600000000004 0.1265625 0.05832
1 0.20812499999999984 0.4316799999999987 0.10625 0.048960000000000004
1 0.3859375 0.09495999999999999 0.134375 0.061919999999999996
1 0.08671875000000004 0.23209999999999753 0.140625 0.0648
