0 0.71953125 0.495 0.015625 0.02
0 0.7890625 0.854 0.03125 0.04
0 0.7890625 0.42960000000000065 0.0375 0.048
0 0.7578125 0.3164 0.04375 0.056
0 0.486328125 0.1312999999999999 0.0203125 0.026
0 0.834375 0.094 0.03125 0.04
0 0.3296875 0.040799999999999996 0.0375 0.048
1 0.2243750000000002 0.27298000000000167 0.1140625 0.052559999999999996
1 0.0921875 0.57496 0.134375 0.061919999999999996
1 0.27390624999999935 0.09231999999999592 0.0734375 0.033839999999999995
1 0.4284375000000008 0.5006600000000003 0.1265625 0.05832
1 0.20312499999999986 0.42847999999999864 0.10625 0.048960000000000004
1 0.3921875 0.09096 0.134375 0.061919999999999996
1 0.09328125000000002 0.22789999999999752 0.140625 0.0648
