0 0.72265625 0.499 0.015625 0.02
0 0.7859375 0.862 0.03125 0.04
0 0.7859375 0.43920000000000065 0.0375 0.048
0 0.7609375 0.32760000000000006 0.04375 0.056
0 0.489453125 0.1364999999999999 0.0203125 0.026
0 0.83125 0.102 0.03125 0.04
0 0.3328125 0.0504 0.0375 0.048
1 0.22968750000000018 0.2695800000000017 0.1140625 0.052559999999999996
1 0.0984375 0.57896 0.134375 0.061919999999999996
1 0.27046874999999937 0.0945199999999959 0.0734375 0.033839999999999995
1 0.42250000000000076 0.4968600000000004 0.1265625 0.05832
1 0.19812499999999988 0.4252799999999986 0.10625 0.048960000000000004
1 0.3984375 0.09096 0.134375 0.061919999999999996
1 0.09984375000000004 0.22369999999999754 0.140625 0.0648
