0 0.72578125 0.503 0.015625 0.02
0 0.7828125 0.87 0.03125 0.04
0 0.7828125 0.4488000000000007 0.0375 0.048
0 0.7640625 0.3388000000000001 0.04375 0.056
0 0.492578125 0.14169999999999988 0.0203125 0.026
0 0.834375 0.11 0.03125 0.04
0 0.3359375 0.05999999999999999 0.0375 0.048
1 0.23500000000000024 0.2661800000000017 0.1140625 0.052559999999999996
1 0.1046875 0.58296 0.134375 0.061919999999999996
1 0.2670312499999994 0.09671999999999589 0.0734375 0.033839999999999995
1 0.4165625000000007 0.49306000000000044 0.1265625 0.05832
1 0.1931249999999999 0.42207999999999857 0.10625 0.048960000000000004
1 0.4046875 0.09495999999999999 0.134375 0.061919999999999996
1 0.10640625000000004 0.21949999999999756 0.140625 0.0648
