0 0.72890625 0.507 0.015625 0.02
0 0.7859375 0.878 0.03125 0.04
0 0.7796875 0.4584000000000007 0.0375 0.048
0 0.7640625 0.35000000000000014 0.04375 0.056
0 0.495703125 0.14689999999999986 0.0203125 0.026
0 0.8375 0.118 0.03125 0.04
0 0.3359375 0.0696 0.0375 0.048
1 0.2403125000000002 0.26278000000000173 0.1140625 0.052559999999999996
1 0.1109375 0.58696 0.134375 0.061919999999999996
1 0.2635937499999994 0.09891999999999589 0.0734375 0.033839999999999995
1 0.41062500000000074 0.48926000000000053 0.1265625 0.05832
1 0.18812499999999993 0.41887999999999853 0.10625 0.048960000000000004
1 0.4109375 0.09895999999999999 0.134375 0.061919999999999996
1 0.11296875000000003 0.21529999999999758 0.140625 0.0648
