0 0.72578125 0.511 0.015625 0.02
0 0.7890625 0.886 0.03125 0.04
0 0.7765625 0.46800000000000075 0.0375 0.048
0 0.7609375 0.36120000000000024 0.04375 0.056
0 0.498828125 0.15209999999999985 0.0203125 0.026
0 0.840625 0.126 0.03125 0.04
0 0.3328125 0.07919999999999999 0.0375 0.048
1 0.24562500000000026 0.2593800000000018 0.1140625 0.052559999999999996
1 0.1171875 0.59096 0.134375 0.061919999999999996
1 0.2601562499999994 0.10111999999999587 0.0734375 0.033839999999999995
1 0.4046875000000007 0.48546000000000056 0.1265625 0.05832
1 0.18312499999999993 0.4156799999999985 0.10625 0.048960000000000004
1 0.4171875 0.10296 0.134375 0.061919999999999996
1 0.11953125000000005 0.21109999999999757 0.140625 0.0648
