0 0.72265625 0.515 0.015625 0.02
0 0.7921875 0.894 0.03125 0.04
0 0.7796875 0.47760000000000075 0.0375 0.048
0 0.7578125 0.3724000000000003 0.04375 0.056
0 0.501953125 0.15729999999999983 0.0203125 0.026
0 0.84375 0.134 0.03125 0.04
0 0.3296875 0.08879999999999998 0.0375 0.048
1 0.2509375000000002 0.2559800000000018 0.1140625 0.052559999999999996
1 0.1234375 0.59496 0.134375 0.061919999999999996
1 0.25671874999999944 0.10331999999999586 0.0734375 0.033839999999999995
1 0.3987500000000007 0.4816600000000006 0.1265625 0.05832
1 0.17812499999999995 0.4124799999999984 0.10625 0.048960000000000004
1 0.4234375 0.10696 0.134375 0.061919999999999996
1 0.12609375000000006 0.20689999999999759 0.140625 0.0648
