0 0.71953125 0.519 0.015625 0.02
0 0.7953125 0.902 0.03125 0.04
0 0.7828125 0.4872000000000008 0.0375 0.048
0 0.7546875 0.38360000000000033 0.04375 0.056
0 0.501953125 0.16249999999999984 0.0203125 0.026
0 0.846875 0.142 0.03125 0.04
0 0.3265625 0.09839999999999997 0.0375 0.048
1 0.25625000000000026 0.25258000000000186 0.1140625 0.052559999999999996
1 0.1296875 0.59896 0.134375 0.061919999999999996
1 0.25328124999999946 0.10551999999999585 0.0734375 0.033839999999999995
1 0.3928125000000007 0.4778600000000006 0.1265625 0.05832
1 0.17312499999999997 0.40927999999999837 0.10625 0.048960000000000004
1 0.4296875 0.11095999999999999 0.134375 0.061919999999999996
1 0.13265625000000006 0.2026999999999976 0.140625 0.0648
