0 0.71640625 0.523 0.015625 0.02
0 0.7984375 0.91 0.03125 0.04
0 0.7859375 0.4968000000000008 0.0375 0.048
0 0.7515625 0.3948000000000004 0.04375 0.056
0 0.85 0.15 0.03125 0.04
0 0.3234375 0.10799999999999997 0.0375 0.048
1 0.26156250000000025 0.24918000000000184 0.1140625 0.052559999999999996
1 0.1359375 0.60296 0.134375 0.061919999999999996
1 0.24984374999999948 0.10771999999999583 0.0734375 0.033839999999999995
1 0.38687500000000064 0.4740600000000007 0.1265625 0.05832
1 0.168125 0.40607999999999833 0.10625 0.048960000000000004
1 0.4359375 0.11495999999999999 0.134375 0.061919999999999996
1 0.13921875000000006 0.19849999999999762 0.140625 0.0648
