0 0.71328125 0.527 0.015625 0.02
0 0.8015625 0.918 0.03125 0.04
0 0.7890625 0.5064000000000008 0.0375 0.048
0 0.7484375 0.4060000000000004 0.04375 0.056
0 0.846875 0.158 0.03125 0.04
0 0.3203125 0.11759999999999997 0.0375 0.048
1 0.2668750000000002 0.24578000000000189 0.1140625 0.052559999999999996
1 0.1421875 0.60696 0.134375 0.061919999999999996
1 0.2464062499999995 0.10991999999999583 0.0734375 0.033839999999999995
1 0.38093750000000065 0.47026000000000073 0.1265625 0.05832
1 0.16312500000000002 0.4028799999999983 0.10625 0.048960000000000004
1 0.4421875 0.11896 0.134375 0.061919999999999996
1 0.14578125000000006 0.1942999999999976 0.140625 0.0648
