0 0.71015625 0.531 0.015625 0.02
0 0.7984375 0.926 0.03125 0.04
0 0.7921875 0.5160000000000009 0.0375 0.048
0 0.7484375 0.41720000000000046 0.04375 0.056
0 0.84375 0.166 0.03125 0.04
0 0.3203125 0.12719999999999995 0.0375 0.048
1 0.27218750000000014 0.2423800000000019 0.1140625 0.052559999999999996
1 0.1484375 0.6109600000000001 0.134375 0.061919999999999996
1 0.2429687499999995 0.1121199999999958 0.0734375 0.033839999999999995
1 0.3750000000000006 0.46646000000000076 0.1265625 0.05832
1 0.15812500000000002 0.39967999999999826 0.10625 0.048960000000000004
1 0.4484375 0.12296 0.134375 0.061919999999999996
1 0.15234375000000006 0.19009999999999763 0.140625 0.0648
