0 0.71328125 0.535 0.015625 0.02
0 0.7953125 0.934 0.03125 0.04
0 0.7953125 0.5256000000000008 0.0375 0.048
0 0.7515625 0.4284000000000005 0.04375 0.056
0 0.840625 0.174 0.03125 0.04
0 0.3234375 0.13679999999999995 0.0375 0.048
1 0.27750000000000014 0.2389800000000019 0.1140625 0.052559999999999996
1 0.1546875 0.6149600000000001 0.134375 0.061919999999999996
1 0.23953124999999953 0.1143199999999958 0.0734375 0.033839999999999995
1 0.3690625000000006 0.46266000000000085 0.1265625 0.05832
1 0.15312500000000004 0.3964799999999982 0.10625 0.048960000000000004
1 0.4546875 0.12696 0.134375 0.061919999999999996
1 0.15890625000000008 0.18589999999999765 0.140625 0.0648
