0 0.71640625 0.539 0.015625 0.02
0 0.7921875 0.942 0.03125 0.04
0 0.7921875 0.5352000000000007 0.0375 0.048
0 0.7546875 0.43960000000000055 0.04375 0.056
0 0.8375 0.182 0.03125 0.04
0 0.3265625 0.14639999999999997 0.0375 0.048
1 0.2828125000000001 0.23558000000000195 0.1140625 0.052559999999999996
1 0.1609375 0.6189600000000001 0.134375 0.061919999999999996
1 0.23609374999999955 0.1165199999999958 0.0734375 0.033839999999999995
1 0.3631250000000006 0.4588600000000009 0.1265625 0.05832
1 0.14812500000000003 0.39327999999999813 0.10625 0.048960000000000004
1 0.4609375 0.13096000000000002 0.134375 0.061919999999999996
1 0.16546875000000008 0.18169999999999767 0.140625 0.0648
