0 0.71953125 0.543 0.015625 0.02
0 0.7890625 0.95 0.03125 0.04
0 0.7890625 0.5448000000000006 0.0375 0.048
0 0.7578125 0.4508000000000006 0.04375 0.056
0 0.834375 0.19 0.03125 0.04
0 0.3296875 0.156 0.0375 0.048
1 0.2881250000000001 0.23218000000000197 0.1140625 0.052559999999999996
1 0.1671875 0.6229600000000001 0.134375 0.061919999999999996
1 0.23265624999999956 0.11871999999999577 0.0734375 0.033839999999999995
1 0.35718750000000055 0.4550600000000009 0.1265625 0.05832
1 0.14312500000000003 0.3900799999999981 0.10625 0.048960000000000004
1 0.4671875 0.13496 0.134375 0.061919999999999996
1 0.17203125000000008 0.17749999999999766 0.140625 0.0648
