0 0.72265625 0.547 0.015625 0.02
0 0.7859375 0.958 0.03125 0.04
0 0.7859375 0.5544000000000006 0.0375 0.048
0 0.7609375 0.46200000000000063 0.04375 0.056
0 0.83125 0.198 0.03125 0.04
0 0.3328125 0.16560000000000002 0.0375 0.048
1 0.2934375 0.22878000000000198 0.1140625 0.052559999999999996
1 0.1734375 0.6229600000000001 0.134375 0.061919999999999996
1 0.22921874999999958 0.12091999999999577 0.0734375 0.033839999999999995
1 0.35125000000000056 0.45126000000000094 0.1265625 0.05832
1 0.13812500000000003 0.38687999999999806 0.10625 0.048960000000000004
1 0.4734375 0.13896 0.134375 0.061919999999999996
1 0.17859375000000005 0.17329999999999768 0.140625 0.0648
