0 0.72578125 0.551 0.015625 0.02
0 0.7828125 0.966 0.03125 0.04
0 0.7828125 0.5640000000000005 0.0375 0.048
0 0.7640625 0.4732000000000007 0.04375 0.056
0 0.834375 0.206 0.03125 0.04
0 0.3359375 0.17520000000000005 0.0375 0.048
1 0.29874999999999996 0.22538000000000202 0.1140625 0.052559999999999996
1 0.1796875 0.6189600000000001 0.134375 0.061919999999999996
1 0.2257812499999996 0.12311999999999576 0.0734375 0.033839999999999995
1 0.3453125000000005 0.447460000000001 0.1265625 0.05832
1 0.13312500000000002 0.383679999999998 0.10625 0.048960000000000004
1 0.4796875 0.14296 0.134375 0.061919999999999996
1 0.18515625000000005 0.1690999999999977 0.140625 0.0648
