0 0.72890625 0.555 0.015625 0.02
0 0.7859375 0.974 0.03125 0.04
0 0.7796875 0.5736000000000003 0.0375 0.048
0 0.7640625 0.4844000000000007 0.04375 0.056
0 0.8375 0.214 0.03125 0.04
0 0.3359375 0.18480000000000008 0.0375 0.048
1 0.30406249999999996 0.22198000000000204 0.1140625 0.052559999999999996
1 0.1859375 0.6149600000000001 0.134375 0.061919999999999996
1 0.22234374999999962 0.12531999999999574 0.0734375 0.033839999999999995
1 0.33937500000000054 0.44366000000000105 0.1265625 0.05832
1 0.12812500000000002 0.380479999999998 0.10625 0.048960000000000004
1 0.4859375 0.14696 0.134375 0.061919999999999996
1 0.19171875000000002 0.16489999999999772 0.140625 0.0648
