0 0.72578125 0.559 0.015625 0.02
0 0.7890625 0.982 0.03125 0.04
0 0.7765625 0.5832000000000003 0.0375 0.048
0 0.7609375 0.49560000000000076 0.04375 0.056
0 0.840625 0.222 0.03125 0.04
0 0.3328125 0.1944000000000001 0.0375 0.048
0 0.50859375 0.021 0.046875 0.06
1 0.3093749999999999 0.21858000000000205 0.1140625 0.052559999999999996
1 0.1921875 0.6109600000000001 0.134375 0.061919999999999996
1 0.21890624999999964 0.12751999999999572 0.0734375 0.033839999999999995
1 0.3334375000000005 0.4398600000000011 0.1265625 0.05832
1 0.12312500000000001 0.37727999999999795 0.10625 0.048960000000000004
1 0.4921875 0.15096 0.134375 0.061919999999999996
1 0.19828125000000002 0.1606999999999977 0.140625 0.0648
