0 0.72265625 0.563 0.015625 0.02
0 0.7921875 0.99 0.03125 0.04
0 0.7796875 0.5928000000000002 0.0375 0.048
0 0.7578125 0.5068000000000008 0.04375 0.056
0 0.84375 0.23 0.03125 0.04
0 0.3296875 0.20400000000000013 0.0375 0.048
0 0.51171875 0.033 0.046875 0.06
1 0.3146874999999999 0.2151800000000021 0.1140625 0.052559999999999996
1 0.1984375 0.60696 0.134375 0.061919999999999996
1 0.21546874999999965 0.1297199999999957 0.0734375 0.033839999999999995
1 0.32750000000000046 0.4360600000000011 0.1265625 0.05832
1 0.11812500000000001 0.37407999999999786 0.10625 0.048960000000000004
1 0.4984375 0.15496000000000001 0.134375 0.061919999999999996
1 0.20484375 0.15649999999999772 0.140625 0.0648
