0 0.71953125 0.567 0.015625 0.02
0 0.7953125 0.998 0.03125 0.04
0 0.7828125 0.6024 0.0375 0.048
0 0.7546875 0.5180000000000009 0.04375 0.056
0 0.846875 0.238 0.03125 0.04
0 0.3265625 0.21360000000000012 0.0375 0.048
0 0.51484375 0.045 0.046875 0.06
1 0.31999999999999984 0.2117800000000021 0.1140625 0.052559999999999996
1 0.2046875 0.60296 0.134375 0.061919999999999996
1 0.21203124999999967 0.1319199999999957 0.0734375 0.033839999999999995
1 0.3215625000000005 0.4322600000000012 0.1265625 0.05832
1 0.113125 0.3708799999999978 0.10625 0.048960000000000004
1 0.5046875 0.15896000000000002 0.134375 0.061919999999999996
1 0.21140624999999996 0.15229999999999774 0.140625 0.0648
