0 0.71640625 0.571 0.015625 0.02
0 0.7984375 1.006 0.03125 0.04
0 0.7859375 0.612 0.0375 0.048
0 0.7515625 0.5292000000000009 0.04375 0.056
0 0.85 0.246 0.03125 0.04
0 0.3234375 0.22320000000000015 0.0375 0.048
0 0.51796875 0.057 0.046875 0.06
1 0.3253124999999998 0.20838000000000212 0.1140625 0.052559999999999996
1 0.2109375 0.59896 0.134375 0.061919999999999996
1 0.2085937499999997 0.1341199999999957 0.0734375 0.033839999999999995
1 0.31562500000000043 0.42846000000000123 0.1265625 0.05832
1 0.108125 0.3676799999999978 0.10625 0.048960000000000004
1 0.5109375 0.16296000000000002 0.134375 0.061919999999999996
1 0.21796874999999996 0.14809999999999776 0.140625 0.0648
