0 0.71328125 0.575 0.015625 0.02
0 0.7890625 0.6215999999999999 0.0375 0.048
0 0.7484375 0.5404000000000009 0.04375 0.056
0 0.846875 0.254 0.03125 0.04
0 0.3203125 0.23280000000000017 0.0375 0.048
0 0.52109375 0.069 0.046875 0.06
1 0.3306249999999998 0.20498000000000216 0.1140625 0.052559999999999996
1 0.2171875 0.59496 0.134375 0.061919999999999996
1 0.2051562499999997 0.13631999999999567 0.0734375 0.033839999999999995
1 0.30968750000000045 0.42466000000000126 0.1265625 0.05832
1 0.103125 0.36447999999999775 0.10625 0.048960000000000004
1 0.5171875 0.16696 0.134375 0.061919999999999996
1 0.22453124999999993 0.14389999999999775 0.140625 0.0648
