0 0.71015625 0.579 0.015625 0.02
0 0.7921875 0.6311999999999999 0.0375 0.048
0 0.7484375 0.551600000000001 0.04375 0.056
0 0.84375 0.262 0.03125 0.04
0 0.3203125 0.2424000000000002 0.0375 0.048
0 0.52421875 0.081 0.046875 0.06
1 0.3359374999999997 0.20158000000000217 0.1140625 0.052559999999999996
1 0.2234375 0.59096 0.134375 0.061919999999999996
1 0.20171874999999972 0.13851999999999567 0.0734375 0.033839999999999995
1 0.3037500000000004 0.42086000000000134 0.1265625 0.05832
1 0.09812499999999999 0.3612799999999977 0.10625 0.048960000000000004
1 0.5234375 0.17096 0.134375 0.061919999999999996
1 0.23109374999999993 0.13969999999999777 0.140625 0.0648
