0 0.71328125 0.583 0.015625 0.02
0 0.7953125 0.6407999999999997 0.0375 0.048
0 0.7515625 0.562800000000001 0.04375 0.056
0 0.840625 0.27 0.03125 0.04
0 0.3234375 0.2520000000000002 0.0375 0.048
0 0.52109375 0.093 0.046875 0.06
1 0.3412499999999997 0.1981800000000022 0.1140625 0.052559999999999996
1 0.2296875 0.58696 0.134375 0.061919999999999996
1 0.19828124999999974 0.14071999999999565 0.0734375 0.033839999999999995
1 0.29781250000000037 0.4170600000000014 0.1265625 0.05832
1 0.09312499999999999 0.3580799999999977 0.10625 0.048960000000000004
1 0.5296875 0.17496 0.134375 0.061919999999999996
1 0.2376562499999999 0.1354999999999978 0.140625 0.0648
