0 0.71640625 0.587 0.015625 0.02
0 0.7921875 0.6503999999999996 0.0375 0.048
0 0.7546875 0.5740000000000011 0.04375 0.056
0 0.8375 0.278 0.03125 0.04
0 0.3265625 0.2616000000000003 0.0375 0.048
0 0.51796875 0.105 0.046875 0.06
1 0.34656249999999966 0.19478000000000223 0.1140625 0.052559999999999996
1 0.2359375 0.58296 0.134375 0.061919999999999996
1 0.19484374999999976 0.14291999999999563 0.0734375 0.033839999999999995
1 0.2918750000000004 0.4132600000000014 0.1265625 0.05832
1 0.08812499999999998 0.3548799999999976 0.10625 0.048960000000000004
1 0.5359375 0.17896 0.134375 0.061919999999999996
1 0.24421874999999987 0.1312999999999978 0.140625 0.0648
