0 0.71953125 0.591 0.015625 0.02
0 0.7890625 0.6599999999999996 0.0375 0.048
0 0.7578125 0.585200000000001 0.04375 0.056
0 0.834375 0.286 0.03125 0.04
0 0.3296875 0.2712000000000003 0.0375 0.048
0 0.51484375 0.117 0.046875 0.06
1 0.3518749999999996 0.19138000000000224 0.1140625 0.052559999999999996
1 0.2421875 0.57896 0.134375 0.061919999999999996
1 0.19140624999999978 0.14511999999999564 0.0734375 0.033839999999999995
1 0.28593750000000034 0.40946000000000143 0.1265625 0.05832
1 0.08312499999999998 0.35167999999999755 0.10625 0.048960000000000004
1 0.5421875 0.18296 0.134375 0.061919999999999996
1 0.25078124999999984 0.1270999999999978 0.140625 0.0648
