0 0.72265625 0.595 0.015625 0.02
0 0.7859375 0.6695999999999994 0.0375 0.048
0 0.7609375 0.5964000000000012 0.04375 0.056
0 0.83125 0.294 0.03125 0.04
0 0.3328125 0.28080000000000027 0.0375 0.048
0 0.51171875 0.129 0.046875 0.06
1 0.3571874999999996 0.18798000000000226 0.1140625 0.052559999999999996
1 0.2484375 0.57496 0.134375 0.061919999999999996
1 0.1879687499999998 0.14731999999999562 0.0734375 0.033839999999999995
1 0.28000000000000036 0.4056600000000015 0.1265625 0.05832
1 0.07812499999999997 0.3484799999999975 0.10625 0.048960000000000004
1 0.5484375 0.18696000000000002 0.134375 0.061919999999999996
1 0.25734374999999987 0.12289999999999782 0.140625 0.0648
