0 0.72578125 0.599 0.015625 0.02
0 0.7828125 0.6791999999999994 0.0375 0.048
0 0.7640625 0.6076000000000011 0.04375 0.056
0 0.834375 0.302 0.03125 0.04
0 0.3359375 0.2904000000000003 0.0375 0.048
0 0.50859375 0.141 0.046875 0.06
1 0.36249999999999954 0.1845800000000023 0.1140625 0.052559999999999996
1 0.2546875 0.57096 0.134375 0.061919999999999996
1 0.1845312499999998 0.1495199999999956 0.0734375 0.033839999999999995
1 0.2740625000000003 0.40186000000000155 0.1265625 0.05832
1 0.07312499999999998 0.3452799999999975 0.10625 0.048960000000000004
1 0.5546875 0.19096000000000002 0.134375 0.061919999999999996
1 0.26390624999999984 0.11869999999999784 0.140625 0.0648
