0 0.72890625 0.603 0.015625 0.02
0 0.7796875 0.6887999999999993 0.0375 0.048
0 0.7640625 0.6188000000000012 0.04375 0.056
0 0.495703125 0.2716999999999997 0.0203125 0.026
0 0.8375 0.31 0.03125 0.04
0 0.3359375 0.3000000000000003 0.0375 0.048
0 0.50546875 0.153 0.046875 0.06
1 0.36781249999999954 0.1811800000000023 0.1140625 0.052559999999999996
1 0.2609375 0.56696 0.134375 0.061919999999999996
1 0.18109374999999983 0.15171999999999558 0.0734375 0.033839999999999995
1 0.2681250000000003 0.3980600000000016 0.1265625 0.05832
1 0.06812499999999998 0.34207999999999744 0.10625 0.048960000000000004
1 0.5609375 0.19496 0.134375 0.061919999999999996
1 0.2704687499999998 0.11449999999999784 0.140625 0.0648
