0 0.72578125 0.607 0.015625 0.02
0 0.7765625 0.6983999999999991 0.0375 0.048
0 0.7609375 0.6300000000000012 0.04375 0.056
0 0.498828125 0.27689999999999976 0.0203125 0.026
0 0.840625 0.318 0.03125 0.04
0 0.3328125 0.3096000000000004 0.0375 0.048
0 0.50859375 0.165 0.046875 0.06
1 0.3731249999999995 0.17778000000000233 0.1140625 0.052559999999999996
1 0.2671875 0.56296 0.134375 0.061919999999999996
1 0.17765624999999985 0.1539199999999956 0.0734375 0.033839999999999995
1 0.2621875000000003 0.39426000000000166 0.1265625 0.05832
1 0.06312499999999999 0.3388799999999974 0.10625 0.048960000000000004
1 0.5671875 0.19896 0.134375 0.061919999999999996
1 0.2770312499999998 0.11029999999999786 0.140625 0.0648
