0 0.72265625 0.611 0.015625 0.02
0 0.7796875 0.7079999999999991 0.0375 0.048
0 0.7578125 0.6412000000000013 0.04375 0.056
0 0.501953125 0.2820999999999998 0.0203125 0.026
0 0.84375 0.326 0.03125 0.04
0 0.3296875 0.3192000000000004 0.0375 0.048
0 0.51171875 0.177 0.046875 0.06
1 0.3784374999999994 0.17438000000000237 0.1140625 0.052559999999999996
1 0.2734375 0.55896 0.134375 0.061919999999999996
1 0.17421874999999987 0.15611999999999557 0.0734375 0.033839999999999995
1 0.25625000000000026 0.3904600000000017 0.1265625 0.05832
1 0.05812499999999998 0.3356799999999973 0.10625 0.048960000000000004
1 0.5734375 0.20296 0.134375 0.061919999999999996
1 0.28359374999999976 0.10609999999999786 0.140625 0.0648
