0 0.71953125 0.615 0.015625 0.02
0 0.7828125 0.717599999999999 0.0375 0.048
0 0.7546875 0.6524000000000013 0.04375 0.056
0 0.501953125 0.28729999999999983 0.0203125 0.026
0 0.846875 0.334 0.03125 0.04
0 0.3265625 0.3288000000000004 0.0375 0.048
0 0.51484375 0.189 0.046875 0.06
1 0.3837499999999994 0.17098000000000238 0.1140625 0.052559999999999996
1 0.2796875 0.55496 0.134375 0.061919999999999996
1 0.17078124999999988 0.15831999999999555 0.0734375 0.033839999999999995
1 0.25031250000000027 0.3866600000000017 0.1265625 0.05832
1 0.05312499999999999 0.3324799999999973 0.10625 0.048960000000000004
1 0.5796875 0.20696 0.134375 0.061919999999999996
1 0.2901562499999998 0.10189999999999787 0.140625 0.0648
