0 0.71640625 0.619 0.015625 0.02
0 0.7859375 0.727199999999999 0.0375 0.048
0 0.7515625 0.6636000000000014 0.04375 0.056
0 0.498828125 0.29249999999999987 0.0203125 0.026
0 0.85 0.342 0.03125 0.04
0 0.3234375 0.3384000000000004 0.0375 0.048
0 0.51796875 0.201 0.046875 0.06
1 0.38906249999999937 0.1675800000000024 0.1140625 0.052559999999999996
1 0.2859375 0.55096 0.134375 0.061919999999999996
1 0.1673437499999999 0.16051999999999556 0.0734375 0.033839999999999995
1 0.24437500000000023 0.38286000000000175 0.1265625 0.05832
1 0.05812499999999998 0.32927999999999724 0.10625 0.048960000000000004
1 0.5859375 0.21096 0.134375 0.061919999999999996
1 0.29671874999999975 0.09769999999999789 0.140625 0.0648
