0 0.71328125 0.623 0.015625 0.02
0 0.7890625 0.7367999999999988 0.0375 0.048
0 0.7484375 0.6748000000000014 0.04375 0.056
0 0.495703125 0.2976999999999999 0.0203125 0.026
0 0.846875 0.35 0.03125 0.04
0 0.3203125 0.3480000000000005 0.0375 0.048
0 0.52109375 0.213 0.046875 0.06
1 0.39437499999999936 0.16418000000000244 0.1140625 0.052559999999999996
1 0.2921875 0.54696 0.134375 0.061919999999999996
1 0.16390624999999992 0.16271999999999553 0.0734375 0.033839999999999995
1 0.23843750000000022 0.37906000000000184 0.1265625 0.05832
1 0.06312499999999999 0.3260799999999972 0.10625 0.048960000000000004
1 0.5921875 0.21496 0.134375 0.061919999999999996
1 0.3032812499999997 0.09349999999999786 0.140625 0.0648
