0 0.47265625 0.710599999999998 0.034375 0.044
0 0.39375 0.34919999999999957 0.01875 0.024
0 0.2046875 0.7028000000000015 0.04375 0.056
0 0.35703125 0.43380000000000074 0.028125 0.036
0 0.71640625 0.36139999999999955 0.040625 0.052
0 0.683984375 0.2565000000000002 0.0421875 0.054
1 0.4846874999999987 0.6877800000000038 0.1140625 0.052559999999999996
1 0.509999999999999 0.8132400000000055 0.146875 0.06767999999999999
1 0.4578125 0.78096 0.134375 0.061919999999999996
1 0.04015625 0.51912 0.0734375 0.033839999999999995
