0 0.71015625 0.627 0.015625 0.02
0 0.7921875 0.7463999999999987 0.0375 0.048
0 0.7484375 0.6860000000000015 0.04375 0.056
0 0.492578125 0.3029 0.0203125 0.026
0 0.84375 0.358 0.03125 0.04
0 0.3203125 0.3576000000000005 0.0375 0.048
0 0.52421875 0.225 0.046875 0.06
1 0.3996874999999993 0.16078000000000245 0.1140625 0.052559999999999996
1 0.2984375 0.54296 0.134375 0.061919999999999996
1 0.16046874999999994 0.16491999999999551 0.0734375 0.033839999999999995
1 0.2325000000000002 0.37526000000000187 0.1265625 0.05832
1 0.06812499999999998 0.32287999999999717 0.10625 0.048960000000000004
1 0.5984375 0.21896000000000002 0.134375 0.061919999999999996
1 0.3098437499999997 0.09349999999999786 0.140625 0.0648
