0 0.71328125 0.631 0.015625 0.02
0 0.7953125 0.7559999999999987 0.0375 0.048
0 0.7515625 0.6972000000000015 0.04375 0.056
0 0.489453125 0.30810000000000004 0.0203125 0.026
0 0.840625 0.366 0.03125 0.04
0 0.3234375 0.3672000000000005 0.0375 0.048
0 0.52109375 0.237 0.046875 0.06
1 0.40499999999999925 0.15738000000000246 0.1140625 0.052559999999999996
1 0.3046875 0.53896 0.134375 0.061919999999999996
1 0.15703124999999996 0.16711999999999552 0.0734375 0.033839999999999995
1 0.22656250000000017 0.3714600000000019 0.1265625 0.05832
1 0.07312499999999998 0.31967999999999713 0.10625 0.048960000000000004
1 0.6046875 0.22296000000000002 0.134375 0.061919999999999996
1 0.31640624999999967 0.09769999999999789 0.140625 0.0648
