0 0.71640625 0.635 0.015625 0.02
0 0.7921875 0.7655999999999985 0.0375 0.048
0 0.7546875 0.7084000000000016 0.04375 0.056
0 0.486328125 0.3133000000000001 0.0203125 0.026
0 0.8375 0.374 0.03125 0.04
0 0.3265625 0.3768000000000005 0.0375 0.048
0 0.51796875 0.249 0.046875 0.06
1 0.41031249999999925 0.15398000000000248 0.1140625 0.052559999999999996
1 0.3109375 0.53496 0.134375 0.061919999999999996
1 0.15359374999999997 0.1693199999999955 0.0734375 0.033839999999999995
1 0.22062500000000015 0.367660000000002 0.1265625 0.05832
1 0.07812499999999997 0.31647999999999704 0.10625 0.048960000000000004
1 0.6109375 0.22696 0.134375 0.061919999999999996
1 0.3229687499999997 0.10189999999999787 0.140625 0.0648
