0 0.71953125 0.639 0.015625 0.02
0 0.7890625 0.7751999999999984 0.0375 0.048
0 0.7578125 0.7196000000000016 0.04375 0.056
0 0.486328125 0.3185000000000001 0.0203125 0.026
0 0.834375 0.382 0.03125 0.04
0 0.3296875 0.3864000000000005 0.0375 0.048
0 0.51484375 0.261 0.046875 0.06
1 0.4156249999999992 0.15058000000000246 0.1140625 0.052559999999999996
1 0.3171875 0.53096 0.134375 0.061919999999999996
1 0.15015625 0.17151999999999548 0.0734375 0.033839999999999995
1 0.21468750000000014 0.363860000000002 0.1265625 0.05832
1 0.08312499999999998 0.313279999999997 0.10625 0.048960000000000004
1 0.6171875 0.23096 0.134375 0.061919999999999996
1 0.32953124999999966 0.10609999999999786 0.140625 0.0648
