0 0.72265625 0.643 0.015625 0.02
0 0.7859375 0.7847999999999984 0.0375 0.048
0 0.7609375 0.7308000000000017 0.04375 0.056
0 0.489453125 0.32370000000000015 0.0203125 0.026
0 0.83125 0.39 0.03125 0.04
0 0.3328125 0.3960000000000006 0.0375 0.048
0 0.51171875 0.273 0.046875 0.06
1 0.4209374999999992 0.14718000000000245 0.1140625 0.052559999999999996
1 0.3234375 0.52696 0.134375 0.061919999999999996
1 0.14671875 0.17151999999999548 0.0734375 0.033839999999999995
1 0.20875000000000013 0.36006000000000205 0.1265625 0.05832
1 0.08812499999999998 0.31007999999999697 0.10625 0.048960000000000004
1 0.6234375 0.23496 0.134375 0.061919999999999996
1 0.33609374999999964 0.11029999999999786 0.140625 0.0648
