0 0.72578125 0.647 0.015625 0.02
0 0.7828125 0.7943999999999982 0.0375 0.048
0 0.7640625 0.7420000000000017 0.04375 0.056
0 0.492578125 0.3289000000000002 0.0203125 0.026
0 0.834375 0.398 0.03125 0.04
0 0.3359375 0.40560000000000057 0.0375 0.048
0 0.50859375 0.285 0.046875 0.06
1 0.42624999999999913 0.14378000000000243 0.1140625 0.052559999999999996
1 0.3296875 0.5229600000000001 0.134375 0.061919999999999996
1 0.14328125000000003 0.1693199999999955 0.0734375 0.033839999999999995
1 0.20281250000000012 0.3562600000000021 0.1265625 0.05832
1 0.09312499999999999 0.30687999999999693 0.10625 0.048960000000000004
1 0.6296875 0.23896 0.134375 0.061919999999999996
1 0.3426562499999996 0.11449999999999784 0.140625 0.0648
