0 0.72890625 0.651 0.015625 0.02
0 0.7796875 0.8039999999999982 0.0375 0.048
0 0.7640625 0.7532000000000018 0.04375 0.056
0 0.495703125 0.33410000000000023 0.0203125 0.026
0 0.8375 0.406 0.03125 0.04
0 0.3359375 0.4152000000000006 0.0375 0.048
0 0.50546875 0.297 0.046875 0.06
1 0.43156249999999907 0.14038000000000245 0.1140625 0.052559999999999996
1 0.3359375 0.5189600000000001 0.134375 0.061919999999999996
1 0.13984375000000004 0.16711999999999552 0.0734375 0.033839999999999995
1 0.19687500000000008 0.35246000000000216 0.1265625 0.05832
1 0.09812499999999999 0.3036799999999969 0.10625 0.048960000000000004
1 0.6359375 0.24296 0.134375 0.061919999999999996
1 0.3492187499999996 0.11869999999999784 0.140625 0.0648
