0 0.72578125 0.655 0.015625 0.02
0 0.7765625 0.8135999999999981 0.0375 0.048
0 0.7609375 0.7644000000000017 0.04375 0.056
0 0.498828125 0.33930000000000027 0.0203125 0.026
0 0.840625 0.414 0.03125 0.04
0 0.3328125 0.4248000000000006 0.0375 0.048
0 0.50859375 0.309 0.046875 0.06
1 0.43687499999999907 0.13698000000000243 0.1140625 0.052559999999999996
1 0.3421875 0.5149600000000001 0.134375 0.061919999999999996
1 0.13640625000000006 0.16491999999999551 0.0734375 0.033839999999999995
1 0.19093750000000007 0.3486600000000022 0.1265625 0.05832
1 0.103125 0.30047999999999686 0.10625 0.048960000000000004
1 0.6421875 0.24696 0.134375 0.061919999999999996
1 0.3557812499999996 0.12289999999999782 0.140625 0.0648
