0 0.72265625 0.659 0.015625 0.02
0 0.7796875 0.823199999999998 0.0375 0.048
0 0.7578125 0.7756000000000018 0.04375 0.056
0 0.501953125 0.34450000000000036 0.0203125 0.026
0 0.84375 0.422 0.03125 0.04
0 0.3296875 0.4344000000000007 0.0375 0.048
0 0.51171875 0.321 0.046875 0.06
1 0.442187499999999 0.13358000000000242 0.1140625 0.052559999999999996
1 0.3484375 0.51096 0.134375 0.061919999999999996
1 0.13296875000000002 0.16271999999999553 0.0734375 0.033839999999999995
1 0.18500000000000005 0.3448600000000022 0.1265625 0.05832
1 0.108125 0.29727999999999677 0.10625 0.048960000000000004
1 0.6484375 0.25096 0.134375 0.061919999999999996
1 0.3623437499999996 0.1270999999999978 0.140625 0.0648
