0 0.71953125 0.663 0.015625 0.02
0 0.7828125 0.8327999999999979 0.0375 0.048
0 0.7546875 0.7868000000000019 0.04375 0.056
0 0.501953125 0.3497000000000004 0.0203125 0.026
0 0.846875 0.43 0.03125 0.04
0 0.3265625 0.44400000000000067 0.0375 0.048
0 0.51484375 0.333 0.046875 0.06
1 0.447499999999999 0.13018000000000243 0.1140625 0.052559999999999996
1 0.3546875 0.50696 0.134375 0.061919999999999996
1 0.12953125000000004 0.16051999999999556 0.0734375 0.033839999999999995
1 0.17906250000000004 0.34106000000000225 0.1265625 0.05832
1 0.113125 0.29407999999999673 0.10625 0.048960000000000004
1 0.6546875 0.25496 0.134375 0.061919999999999996
1 0.36890624999999955 0.1312999999999978 0.140625 0.0648
