0 0.46953125 0.7193999999999979 0.034375 0.044
0 0.396875 0.35399999999999954 0.01875 0.024
0 0.2078125 0.7140000000000016 0.04375 0.056
0 0.35703125 0.4410000000000008 0.028125 0.036
0 0.71328125 0.3717999999999996 0.040625 0.052
0 0.680859375 0.2673000000000002 0.0421875 0.054
1 0.4899999999999987 0.6843800000000038 0.1140625 0.052559999999999996
1 0.516874999999999 0.8176400000000056 0.146875 0.06767999999999999
1 0.4640625 0.78496 0.134375 0.061919999999999996
1 0.04359375 0.52132 0.0734375 0.033839999999999995
