0 0.71640625 0.667 0.015625 0.02
0 0.7859375 0.8423999999999978 0.0375 0.048
0 0.7515625 0.7980000000000019 0.04375 0.056
0 0.498828125 0.35490000000000044 0.0203125 0.026
0 0.85 0.438 0.03125 0.04
0 0.3234375 0.4536000000000007 0.0375 0.048
0 0.51796875 0.345 0.046875 0.06
1 0.45281249999999895 0.12678000000000242 0.1140625 0.052559999999999996
1 0.3609375 0.50296 0.134375 0.061919999999999996
1 0.12609375000000003 0.15831999999999555 0.0734375 0.033839999999999995
1 0.17312500000000003 0.33726000000000234 0.1265625 0.05832
1 0.11812500000000001 0.2908799999999967 0.10625 0.048960000000000004
1 0.6609375 0.25895999999999997 0.134375 0.061919999999999996
1 0.3754687499999995 0.1354999999999978 0.140625 0.0648
