0 0.71328125 0.671 0.015625 0.02
0 0.7890625 0.8519999999999978 0.0375 0.048
0 0.7484375 0.809200000000002 0.04375 0.056
0 0.495703125 0.3601000000000005 0.0203125 0.026
0 0.846875 0.446 0.03125 0.04
0 0.3203125 0.4632000000000007 0.0375 0.048
0 0.52109375 0.357 0.046875 0.06
1 0.4581249999999989 0.12338000000000243 0.1140625 0.052559999999999996
1 0.3671875 0.49895999999999996 0.134375 0.061919999999999996
1 0.12265625000000005 0.15611999999999557 0.0734375 0.033839999999999995
1 0.1671875 0.33346000000000237 0.1265625 0.05832
1 0.12312500000000001 0.28767999999999666 0.10625 0.048960000000000004
1 0.6671875 0.26295999999999997 0.134375 0.061919999999999996
1 0.3820312499999995 0.1354999999999978 0.140625 0.0648
