0 0.71015625 0.675 0.015625 0.02
0 0.7921875 0.8615999999999976 0.0375 0.048
0 0.7484375 0.820400000000002 0.04375 0.056
0 0.492578125 0.3653000000000005 0.0203125 0.026
0 0.84375 0.454 0.03125 0.04
0 0.3203125 0.4728000000000008 0.0375 0.048
0 0.52421875 0.369 0.046875 0.06
1 0.4634374999999989 0.11998000000000242 0.1140625 0.052559999999999996
1 0.3734375 0.49495999999999996 0.134375 0.061919999999999996
1 0.11921875000000001 0.1539199999999956 0.0734375 0.033839999999999995
1 0.16124999999999998 0.3296600000000024 0.1265625 0.05832
1 0.12812500000000002 0.2844799999999966 0.10625 0.048960000000000004
1 0.6734375 0.26696 0.134375 0.061919999999999996
1 0.3885937499999995 0.1312999999999978 0.140625 0.0648
