0 0.71328125 0.679 0.015625 0.02
0 0.7953125 0.8711999999999975 0.0375 0.048
0 0.7515625 0.8316000000000021 0.04375 0.056
0 0.489453125 0.37050000000000055 0.0203125 0.026
0 0.840625 0.462 0.03125 0.04
0 0.52109375 0.381 0.046875 0.06
1 0.46874999999999883 0.11658000000000242 0.1140625 0.052559999999999996
1 0.3796875 0.49095999999999995 0.134375 0.061919999999999996
1 0.11578125000000003 0.15171999999999558 0.0734375 0.033839999999999995
1 0.15531250000000002 0.3258600000000025 0.1265625 0.05832
1 0.13312500000000002 0.2812799999999966 0.10625 0.048960000000000004
1 0.6796875 0.27096 0.134375 0.061919999999999996
1 0.3951562499999995 0.1270999999999978 0.140625 0.0648
