0 0.71640625 0.683 0.015625 0.02
0 0.7921875 0.8807999999999975 0.0375 0.048
0 0.7546875 0.8428000000000021 0.04375 0.056
0 0.486328125 0.3757000000000006 0.0203125 0.026
0 0.8375 0.47 0.03125 0.04
0 0.51796875 0.393 0.046875 0.06
1 0.47406249999999883 0.1131800000000024 0.1140625 0.052559999999999996
1 0.3859375 0.48696 0.134375 0.061919999999999996
1 0.11234375 0.1495199999999956 0.0734375 0.033839999999999995
1 0.14937499999999998 0.3220600000000025 0.1265625 0.05832
1 0.13812500000000003 0.27807999999999655 0.10625 0.048960000000000004
1 0.6859375 0.27496 0.134375 0.061919999999999996
1 0.4017187499999995 0.12289999999999782 0.140625 0.0648
