0 0.71953125 0.687 0.015625 0.02
0 0.7890625 0.8903999999999974 0.0375 0.048
0 0.7578125 0.8540000000000022 0.04375 0.056
0 0.486328125 0.3809000000000007 0.0203125 0.026
0 0.834375 0.478 0.03125 0.04
0 0.51484375 0.405 0.046875 0.06
0 0.515625 0.008400000000000001 0.01875 0.024
1 0.4793749999999988 0.1097800000000024 0.1140625 0.052559999999999996
1 0.3921875 0.48296 0.134375 0.061919999999999996
1 0.10890625000000002 0.14731999999999562 0.0734375 0.033839999999999995
1 0.14343750000000002 0.31826000000000254 0.1265625 0.05832
1 0.14312500000000003 0.27487999999999657 0.10625 0.048960000000000004
1 0.6921875 0.27896 0.134375 0.061919999999999996
1 0.4082812499999994 0.11869999999999784 0.140625 0.0648
