0 0.72265625 0.691 0.015625 0.02
0 0.7859375 0.8999999999999972 0.0375 0.048
0 0.7609375 0.8652000000000022 0.04375 0.056
0 0.489453125 0.3861000000000007 0.0203125 0.026
0 0.83125 0.486 0.03125 0.04
0 0.51171875 0.417 0.046875 0.06
0 0.51875 0.0132 0.01875 0.024
1 0.4846874999999987 0.1063800000000024 0.1140625 0.052559999999999996
1 0.3984375 0.47896 0.134375 0.061919999999999996
1 0.10546875 0.14511999999999564 0.0734375 0.033839999999999995
1 0.1375 0.31446000000000257 0.1265625 0.05832
1 0.14812500000000003 0.2716799999999966 0.10625 0.048960000000000004
1 0.6984375 0.28296 0.134375 0.061919999999999996
1 0.41484374999999946 0.11449999999999784 0.140625 0.0648
