0 0.72578125 0.695 0.015625 0.02
0 0.7828125 0.9095999999999972 0.0375 0.048
0 0.7640625 0.8764000000000023 0.04375 0.056
0 0.492578125 0.39130000000000076 0.0203125 0.026
0 0.834375 0.494 0.03125 0.04
0 0.50859375 0.429 0.046875 0.06
0 0.521875 0.018 0.01875 0.024
1 0.4899999999999987 0.10298000000000239 0.1140625 0.052559999999999996
1 0.4046875 0.47496 0.134375 0.061919999999999996
1 0.10203125000000002 0.14291999999999563 0.0734375 0.033839999999999995
1 0.13156250000000003 0.31066000000000266 0.1265625 0.05832
1 0.15312500000000004 0.2684799999999966 0.10625 0.048960000000000004
1 0.7046875 0.28696 0.134375 0.061919999999999996
1 0.42140624999999937 0.11029999999999786 0.140625 0.0648
