0 0.72890625 0.699 0.015625 0.02
0 0.7796875 0.9191999999999971 0.0375 0.048
0 0.7640625 0.8876000000000023 0.04375 0.056
0 0.495703125 0.3965000000000008 0.0203125 0.026
0 0.8375 0.502 0.03125 0.04
0 0.50546875 0.441 0.046875 0.06
0 0.525 0.0228 0.01875 0.024
1 0.49531249999999866 0.09958000000000239 0.1140625 0.052559999999999996
1 0.4109375 0.47096 0.134375 0.061919999999999996
1 0.09859375000000001 0.14071999999999565 0.0734375 0.033839999999999995
1 0.12562500000000001 0.3068600000000027 0.1265625 0.05832
1 0.15812500000000002 0.26527999999999663 0.10625 0.048960000000000004
1 0.7109375 0.29096 0.134375 0.061919999999999996
1 0.42796874999999945 0.10609999999999786 0.140625 0.0648
