0 0.72578125 0.703 0.015625 0.02
0 0.7765625 0.928799999999997 0.0375 0.048
0 0.7609375 0.8988000000000024 0.04375 0.056
0 0.498828125 0.40170000000000083 0.0203125 0.026
0 0.840625 0.51 0.03125 0.04
0 0.50859375 0.453 0.046875 0.06
0 0.528125 0.0276 0.01875 0.024
1 0.5006249999999987 0.09618000000000237 0.1140625 0.052559999999999996
1 0.4171875 0.46696 0.134375 0.061919999999999996
1 0.09515625 0.13851999999999567 0.0734375 0.033839999999999995
1 0.11968750000000003 0.3030600000000027 0.1265625 0.05832
1 0.16312500000000002 0.26207999999999665 0.10625 0.048960000000000004
1 0.7171875 0.29496 0.134375 0.061919999999999996
1 0.4345312499999993 0.10189999999999787 0.140625 0.0648
